p_n,p_n+1,gap
2,3,1
3,5,2
5,7,2
7,11,4
11,13,2
13,17,4
17,19,2
19,23,4
23,29,6
29,31,2
31,37,6
37,41,4
41,43,2
43,47,4
47,53,6
53,59,6
59,61,2
61,67,6
67,71,4
71,73,2
73,79,6
79,83,4
83,89,6
89,97,8
97,101,4
101,103,2
103,107,4
107,109,2
109,113,4
113,127,14
127,131,4
131,137,6
137,139,2
139,149,10
149,151,2
151,157,6
157,163,6
163,167,4
167,173,6
173,179,6
179,181,2
181,191,10
191,193,2
193,197,4
197,199,2
199,211,12
211,223,12
223,227,4
227,229,2
229,233,4
233,239,6
239,241,2
241,251,10
251,257,6
257,263,6
263,269,6
269,271,2
271,277,6
277,281,4
281,283,2
283,293,10
293,307,14
307,311,4
311,313,2
313,317,4
317,331,14
331,337,6
337,347,10
347,349,2
349,353,4
353,359,6
359,367,8
367,373,6
373,379,6
379,383,4
383,389,6
389,397,8
397,401,4
401,409,8
409,419,10
419,421,2
421,431,10
431,433,2
433,439,6
439,443,4
443,449,6
449,457,8
457,461,4
461,463,2
463,467,4
467,479,12
479,487,8
487,491,4
491,499,8
499,503,4
503,509,6
509,521,12
521,523,2
523,541,18
541,547,6
547,557,10
557,563,6
563,569,6
569,571,2
571,577,6
577,587,10
587,593,6
593,599,6
599,601,2
601,607,6
607,613,6
613,617,4
617,619,2
619,631,12
631,641,10
641,643,2
643,647,4
647,653,6
653,659,6
659,661,2
661,673,12
673,677,4
677,683,6
683,691,8
691,701,10
701,709,8
709,719,10
719,727,8
727,733,6
733,739,6
739,743,4
743,751,8
751,757,6
757,761,4
761,769,8
769,773,4
773,787,14
787,797,10
797,809,12
809,811,2
811,821,10
821,823,2
823,827,4
827,829,2
829,839,10
839,853,14
853,857,4
857,859,2
859,863,4
863,877,14
877,881,4
881,883,2
883,887,4
887,907,20
907,911,4
911,919,8
919,929,10
929,937,8
937,941,4
941,947,6
947,953,6
953,967,14
967,971,4
971,977,6
977,983,6
983,991,8
991,997,6
997,1009,12
1009,1013,4
1013,1019,6
1019,1021,2
1021,1031,10
1031,1033,2
1033,1039,6
1039,1049,10
1049,1051,2
1051,1061,10
1061,1063,2
1063,1069,6
1069,1087,18
1087,1091,4
1091,1093,2
1093,1097,4
1097,1103,6
1103,1109,6
1109,1117,8
1117,1123,6
1123,1129,6
1129,1151,22
1151,1153,2
1153,1163,10
1163,1171,8
1171,1181,10
1181,1187,6
1187,1193,6
1193,1201,8
1201,1213,12
1213,1217,4
1217,1223,6
1223,1229,6
1229,1231,2
1231,1237,6
1237,1249,12
1249,1259,10
1259,1277,18
1277,1279,2
1279,1283,4
1283,1289,6
1289,1291,2
1291,1297,6
1297,1301,4
1301,1303,2
1303,1307,4
1307,1319,12
1319,1321,2
1321,1327,6
1327,1361,34
1361,1367,6
1367,1373,6
1373,1381,8
1381,1399,18
1399,1409,10
1409,1423,14
1423,1427,4
1427,1429,2
1429,1433,4
1433,1439,6
1439,1447,8
1447,1451,4
1451,1453,2
1453,1459,6
1459,1471,12
1471,1481,10
1481,1483,2
1483,1487,4
1487,1489,2
1489,1493,4
1493,1499,6
1499,1511,12
1511,1523,12
1523,1531,8
1531,1543,12
1543,1549,6
1549,1553,4
1553,1559,6
1559,1567,8
1567,1571,4
1571,1579,8
1579,1583,4
1583,1597,14
1597,1601,4
1601,1607,6
1607,1609,2
1609,1613,4
1613,1619,6
1619,1621,2
1621,1627,6
1627,1637,10
1637,1657,20
1657,1663,6
1663,1667,4
1667,1669,2
1669,1693,24
1693,1697,4
1697,1699,2
1699,1709,10
1709,1721,12
1721,1723,2
1723,1733,10
1733,1741,8
1741,1747,6
1747,1753,6
1753,1759,6
1759,1777,18
1777,1783,6
1783,1787,4
1787,1789,2
1789,1801,12
1801,1811,10
1811,1823,12
1823,1831,8
1831,1847,16
1847,1861,14
1861,1867,6
1867,1871,4
1871,1873,2
1873,1877,4
1877,1879,2
1879,1889,10
1889,1901,12
1901,1907,6
1907,1913,6
1913,1931,18
1931,1933,2
1933,1949,16
1949,1951,2
1951,1973,22
1973,1979,6
1979,1987,8
1987,1993,6
1993,1997,4
1997,1999,2
1999,2003,4
2003,2011,8
2011,2017,6
2017,2027,10
2027,2029,2
2029,2039,10
2039,2053,14
2053,2063,10
2063,2069,6
2069,2081,12
2081,2083,2
2083,2087,4
2087,2089,2
2089,2099,10
2099,2111,12
2111,2113,2
2113,2129,16
2129,2131,2
2131,2137,6
2137,2141,4
2141,2143,2
2143,2153,10
2153,2161,8
2161,2179,18
2179,2203,24
2203,2207,4
2207,2213,6
2213,2221,8
2221,2237,16
2237,2239,2
2239,2243,4
2243,2251,8
2251,2267,16
2267,2269,2
2269,2273,4
2273,2281,8
2281,2287,6
2287,2293,6
2293,2297,4
2297,2309,12
2309,2311,2
2311,2333,22
2333,2339,6
2339,2341,2
2341,2347,6
2347,2351,4
2351,2357,6
2357,2371,14
2371,2377,6
2377,2381,4
2381,2383,2
2383,2389,6
2389,2393,4
2393,2399,6
2399,2411,12
2411,2417,6
2417,2423,6
2423,2437,14
2437,2441,4
2441,2447,6
2447,2459,12
2459,2467,8
2467,2473,6
2473,2477,4
2477,2503,26
2503,2521,18
2521,2531,10
2531,2539,8
2539,2543,4
2543,2549,6
2549,2551,2
2551,2557,6
2557,2579,22
2579,2591,12
2591,2593,2
2593,2609,16
2609,2617,8
2617,2621,4
2621,2633,12
2633,2647,14
2647,2657,10
2657,2659,2
2659,2663,4
2663,2671,8
2671,2677,6
2677,2683,6
2683,2687,4
2687,2689,2
2689,2693,4
2693,2699,6
2699,2707,8
2707,2711,4
2711,2713,2
2713,2719,6
2719,2729,10
2729,2731,2
2731,2741,10
2741,2749,8
2749,2753,4
2753,2767,14
2767,2777,10
2777,2789,12
2789,2791,2
2791,2797,6
2797,2801,4
2801,2803,2
2803,2819,16
2819,2833,14
2833,2837,4
2837,2843,6
2843,2851,8
2851,2857,6
2857,2861,4
2861,2879,18
2879,2887,8
2887,2897,10
2897,2903,6
2903,2909,6
2909,2917,8
2917,2927,10
2927,2939,12
2939,2953,14
2953,2957,4
2957,2963,6
2963,2969,6
2969,2971,2
2971,2999,28
2999,3001,2
3001,3011,10
3011,3019,8
3019,3023,4
3023,3037,14
3037,3041,4
3041,3049,8
3049,3061,12
3061,3067,6
3067,3079,12
3079,3083,4
3083,3089,6
3089,3109,20
3109,3119,10
3119,3121,2
3121,3137,16
3137,3163,26
3163,3167,4
3167,3169,2
3169,3181,12
3181,3187,6
3187,3191,4
3191,3203,12
3203,3209,6
3209,3217,8
3217,3221,4
3221,3229,8
3229,3251,22
3251,3253,2
3253,3257,4
3257,3259,2
3259,3271,12
3271,3299,28
3299,3301,2
3301,3307,6
3307,3313,6
3313,3319,6
3319,3323,4
3323,3329,6
3329,3331,2
3331,3343,12
3343,3347,4
3347,3359,12
3359,3361,2
3361,3371,10
3371,3373,2
3373,3389,16
3389,3391,2
3391,3407,16
3407,3413,6
3413,3433,20
3433,3449,16
3449,3457,8
3457,3461,4
3461,3463,2
3463,3467,4
3467,3469,2
3469,3491,22
3491,3499,8
3499,3511,12
3511,3517,6
3517,3527,10
3527,3529,2
3529,3533,4
3533,3539,6
3539,3541,2
3541,3547,6
3547,3557,10
3557,3559,2
3559,3571,12
3571,3581,10
3581,3583,2
3583,3593,10
3593,3607,14
3607,3613,6
3613,3617,4
3617,3623,6
3623,3631,8
3631,3637,6
3637,3643,6
3643,3659,16
3659,3671,12
3671,3673,2
3673,3677,4
3677,3691,14
3691,3697,6
3697,3701,4
3701,3709,8
3709,3719,10
3719,3727,8
3727,3733,6
3733,3739,6
3739,3761,22
3761,3767,6
3767,3769,2
3769,3779,10
3779,3793,14
3793,3797,4
3797,3803,6
3803,3821,18
3821,3823,2
3823,3833,10
3833,3847,14
3847,3851,4
3851,3853,2
3853,3863,10
3863,3877,14
3877,3881,4
3881,3889,8
3889,3907,18
3907,3911,4
3911,3917,6
3917,3919,2
3919,3923,4
3923,3929,6
3929,3931,2
3931,3943,12
3943,3947,4
3947,3967,20
3967,3989,22
3989,4001,12
4001,4003,2
4003,4007,4
4007,4013,6
4013,4019,6
4019,4021,2
4021,4027,6
4027,4049,22
4049,4051,2
4051,4057,6
4057,4073,16
4073,4079,6
4079,4091,12
4091,4093,2
4093,4099,6
4099,4111,12
4111,4127,16
4127,4129,2
4129,4133,4
4133,4139,6
4139,4153,14
4153,4157,4
4157,4159,2
4159,4177,18
4177,4201,24
4201,4211,10
4211,4217,6
4217,4219,2
4219,4229,10
4229,4231,2
4231,4241,10
4241,4243,2
4243,4253,10
4253,4259,6
4259,4261,2
4261,4271,10
4271,4273,2
4273,4283,10
4283,4289,6
4289,4297,8
4297,4327,30
4327,4337,10
4337,4339,2
4339,4349,10
4349,4357,8
4357,4363,6
4363,4373,10
4373,4391,18
4391,4397,6
4397,4409,12
4409,4421,12
4421,4423,2
4423,4441,18
4441,4447,6
4447,4451,4
4451,4457,6
4457,4463,6
4463,4481,18
4481,4483,2
4483,4493,10
4493,4507,14
4507,4513,6
4513,4517,4
4517,4519,2
4519,4523,4
4523,4547,24
4547,4549,2
4549,4561,12
4561,4567,6
4567,4583,16
4583,4591,8
4591,4597,6
4597,4603,6
4603,4621,18
4621,4637,16
4637,4639,2
4639,4643,4
4643,4649,6
4649,4651,2
4651,4657,6
4657,4663,6
4663,4673,10
4673,4679,6
4679,4691,12
4691,4703,12
4703,4721,18
4721,4723,2
4723,4729,6
4729,4733,4
4733,4751,18
4751,4759,8
4759,4783,24
4783,4787,4
4787,4789,2
4789,4793,4
4793,4799,6
4799,4801,2
4801,4813,12
4813,4817,4
4817,4831,14
4831,4861,30
4861,4871,10
4871,4877,6
4877,4889,12
4889,4903,14
4903,4909,6
4909,4919,10
4919,4931,12
4931,4933,2
4933,4937,4
4937,4943,6
4943,4951,8
4951,4957,6
4957,4967,10
4967,4969,2
4969,4973,4
4973,4987,14
4987,4993,6
4993,4999,6
4999,5003,4
5003,5009,6
5009,5011,2
5011,5021,10
5021,5023,2
5023,5039,16
5039,5051,12
5051,5059,8
5059,5077,18
5077,5081,4
5081,5087,6
5087,5099,12
5099,5101,2
5101,5107,6
5107,5113,6
5113,5119,6
5119,5147,28
5147,5153,6
5153,5167,14
5167,5171,4
5171,5179,8
5179,5189,10
5189,5197,8
5197,5209,12
5209,5227,18
5227,5231,4
5231,5233,2
5233,5237,4
5237,5261,24
5261,5273,12
5273,5279,6
5279,5281,2
5281,5297,16
5297,5303,6
5303,5309,6
5309,5323,14
5323,5333,10
5333,5347,14
5347,5351,4
5351,5381,30
5381,5387,6
5387,5393,6
5393,5399,6
5399,5407,8
5407,5413,6
5413,5417,4
5417,5419,2
5419,5431,12
5431,5437,6
5437,5441,4
5441,5443,2
5443,5449,6
5449,5471,22
5471,5477,6
5477,5479,2
5479,5483,4
5483,5501,18
5501,5503,2
5503,5507,4
5507,5519,12
5519,5521,2
5521,5527,6
5527,5531,4
5531,5557,26
5557,5563,6
5563,5569,6
5569,5573,4
5573,5581,8
5581,5591,10
5591,5623,32
5623,5639,16
5639,5641,2
5641,5647,6
5647,5651,4
5651,5653,2
5653,5657,4
5657,5659,2
5659,5669,10
5669,5683,14
5683,5689,6
5689,5693,4
5693,5701,8
5701,5711,10
5711,5717,6
5717,5737,20
5737,5741,4
5741,5743,2
5743,5749,6
5749,5779,30
5779,5783,4
5783,5791,8
5791,5801,10
5801,5807,6
5807,5813,6
5813,5821,8
5821,5827,6
5827,5839,12
5839,5843,4
5843,5849,6
5849,5851,2
5851,5857,6
5857,5861,4
5861,5867,6
5867,5869,2
5869,5879,10
5879,5881,2
5881,5897,16
5897,5903,6
5903,5923,20
5923,5927,4
5927,5939,12
5939,5953,14
5953,5981,28
5981,5987,6
5987,6007,20
6007,6011,4
6011,6029,18
6029,6037,8
6037,6043,6
6043,6047,4
6047,6053,6
6053,6067,14
6067,6073,6
6073,6079,6
6079,6089,10
6089,6091,2
6091,6101,10
6101,6113,12
6113,6121,8
6121,6131,10
6131,6133,2
6133,6143,10
6143,6151,8
6151,6163,12
6163,6173,10
6173,6197,24
6197,6199,2
6199,6203,4
6203,6211,8
6211,6217,6
6217,6221,4
6221,6229,8
6229,6247,18
6247,6257,10
6257,6263,6
6263,6269,6
6269,6271,2
6271,6277,6
6277,6287,10
6287,6299,12
6299,6301,2
6301,6311,10
6311,6317,6
6317,6323,6
6323,6329,6
6329,6337,8
6337,6343,6
6343,6353,10
6353,6359,6
6359,6361,2
6361,6367,6
6367,6373,6
6373,6379,6
6379,6389,10
6389,6397,8
6397,6421,24
6421,6427,6
6427,6449,22
6449,6451,2
6451,6469,18
6469,6473,4
6473,6481,8
6481,6491,10
6491,6521,30
6521,6529,8
6529,6547,18
6547,6551,4
6551,6553,2
6553,6563,10
6563,6569,6
6569,6571,2
6571,6577,6
6577,6581,4
6581,6599,18
6599,6607,8
6607,6619,12
6619,6637,18
6637,6653,16
6653,6659,6
6659,6661,2
6661,6673,12
6673,6679,6
6679,6689,10
6689,6691,2
6691,6701,10
6701,6703,2
6703,6709,6
6709,6719,10
6719,6733,14
6733,6737,4
6737,6761,24
6761,6763,2
6763,6779,16
6779,6781,2
6781,6791,10
6791,6793,2
6793,6803,10
6803,6823,20
6823,6827,4
6827,6829,2
6829,6833,4
6833,6841,8
6841,6857,16
6857,6863,6
6863,6869,6
6869,6871,2
6871,6883,12
6883,6899,16
6899,6907,8
6907,6911,4
6911,6917,6
6917,6947,30
6947,6949,2
6949,6959,10
6959,6961,2
6961,6967,6
6967,6971,4
6971,6977,6
6977,6983,6
6983,6991,8
6991,6997,6
6997,7001,4
7001,7013,12
7013,7019,6
7019,7027,8
7027,7039,12
7039,7043,4
7043,7057,14
7057,7069,12
7069,7079,10
7079,7103,24
7103,7109,6
7109,7121,12
7121,7127,6
7127,7129,2
7129,7151,22
7151,7159,8
7159,7177,18
7177,7187,10
7187,7193,6
7193,7207,14
7207,7211,4
7211,7213,2
7213,7219,6
7219,7229,10
7229,7237,8
7237,7243,6
7243,7247,4
7247,7253,6
7253,7283,30
7283,7297,14
7297,7307,10
7307,7309,2
7309,7321,12
7321,7331,10
7331,7333,2
7333,7349,16
7349,7351,2
7351,7369,18
7369,7393,24
7393,7411,18
7411,7417,6
7417,7433,16
7433,7451,18
7451,7457,6
7457,7459,2
7459,7477,18
7477,7481,4
7481,7487,6
7487,7489,2
7489,7499,10
7499,7507,8
7507,7517,10
7517,7523,6
7523,7529,6
7529,7537,8
7537,7541,4
7541,7547,6
7547,7549,2
7549,7559,10
7559,7561,2
7561,7573,12
7573,7577,4
7577,7583,6
7583,7589,6
7589,7591,2
7591,7603,12
7603,7607,4
7607,7621,14
7621,7639,18
7639,7643,4
7643,7649,6
7649,7669,20
7669,7673,4
7673,7681,8
7681,7687,6
7687,7691,4
7691,7699,8
7699,7703,4
7703,7717,14
7717,7723,6
7723,7727,4
7727,7741,14
7741,7753,12
7753,7757,4
7757,7759,2
7759,7789,30
7789,7793,4
7793,7817,24
7817,7823,6
7823,7829,6
7829,7841,12
7841,7853,12
7853,7867,14
7867,7873,6
7873,7877,4
7877,7879,2
7879,7883,4
7883,7901,18
7901,7907,6
7907,7919,12
7919,7927,8
7927,7933,6
7933,7937,4
7937,7949,12
7949,7951,2
7951,7963,12
7963,7993,30
7993,8009,16
8009,8011,2
8011,8017,6
8017,8039,22
8039,8053,14
8053,8059,6
8059,8069,10
8069,8081,12
8081,8087,6
8087,8089,2
8089,8093,4
8093,8101,8
8101,8111,10
8111,8117,6
8117,8123,6
8123,8147,24
8147,8161,14
8161,8167,6
8167,8171,4
8171,8179,8
8179,8191,12
8191,8209,18
8209,8219,10
8219,8221,2
8221,8231,10
8231,8233,2
8233,8237,4
8237,8243,6
8243,8263,20
8263,8269,6
8269,8273,4
8273,8287,14
8287,8291,4
8291,8293,2
8293,8297,4
8297,8311,14
8311,8317,6
8317,8329,12
8329,8353,24
8353,8363,10
8363,8369,6
8369,8377,8
8377,8387,10
8387,8389,2
8389,8419,30
8419,8423,4
8423,8429,6
8429,8431,2
8431,8443,12
8443,8447,4
8447,8461,14
8461,8467,6
8467,8501,34
8501,8513,12
8513,8521,8
8521,8527,6
8527,8537,10
8537,8539,2
8539,8543,4
8543,8563,20
8563,8573,10
8573,8581,8
8581,8597,16
8597,8599,2
8599,8609,10
8609,8623,14
8623,8627,4
8627,8629,2
8629,8641,12
8641,8647,6
8647,8663,16
8663,8669,6
8669,8677,8
8677,8681,4
8681,8689,8
8689,8693,4
8693,8699,6
8699,8707,8
8707,8713,6
8713,8719,6
8719,8731,12
8731,8737,6
8737,8741,4
8741,8747,6
8747,8753,6
8753,8761,8
8761,8779,18
8779,8783,4
8783,8803,20
8803,8807,4
8807,8819,12
8819,8821,2
8821,8831,10
8831,8837,6
8837,8839,2
8839,8849,10
8849,8861,12
8861,8863,2
8863,8867,4
8867,8887,20
8887,8893,6
8893,8923,30
8923,8929,6
8929,8933,4
8933,8941,8
8941,8951,10
8951,8963,12
8963,8969,6
8969,8971,2
8971,8999,28
8999,9001,2
9001,9007,6
9007,9011,4
9011,9013,2
9013,9029,16
9029,9041,12
9041,9043,2
9043,9049,6
9049,9059,10
9059,9067,8
9067,9091,24
9091,9103,12
9103,9109,6
9109,9127,18
9127,9133,6
9133,9137,4
9137,9151,14
9151,9157,6
9157,9161,4
9161,9173,12
9173,9181,8
9181,9187,6
9187,9199,12
9199,9203,4
9203,9209,6
9209,9221,12
9221,9227,6
9227,9239,12
9239,9241,2
9241,9257,16
9257,9277,20
9277,9281,4
9281,9283,2
9283,9293,10
9293,9311,18
9311,9319,8
9319,9323,4
9323,9337,14
9337,9341,4
9341,9343,2
9343,9349,6
9349,9371,22
9371,9377,6
9377,9391,14
9391,9397,6
9397,9403,6
9403,9413,10
9413,9419,6
9419,9421,2
9421,9431,10
9431,9433,2
9433,9437,4
9437,9439,2
9439,9461,22
9461,9463,2
9463,9467,4
9467,9473,6
9473,9479,6
9479,9491,12
9491,9497,6
9497,9511,14
9511,9521,10
9521,9533,12
9533,9539,6
9539,9547,8
9547,9551,4
9551,9587,36
9587,9601,14
9601,9613,12
9613,9619,6
9619,9623,4
9623,9629,6
9629,9631,2
9631,9643,12
9643,9649,6
9649,9661,12
9661,9677,16
9677,9679,2
9679,9689,10
9689,9697,8
9697,9719,22
9719,9721,2
9721,9733,12
9733,9739,6
9739,9743,4
9743,9749,6
9749,9767,18
9767,9769,2
9769,9781,12
9781,9787,6
9787,9791,4
9791,9803,12
9803,9811,8
9811,9817,6
9817,9829,12
9829,9833,4
9833,9839,6
9839,9851,12
9851,9857,6
9857,9859,2
9859,9871,12
9871,9883,12
9883,9887,4
9887,9901,14
9901,9907,6
9907,9923,16
9923,9929,6
9929,9931,2
9931,9941,10
9941,9949,8
9949,9967,18
9967,9973,6
9973,10007,34
10007,10009,2
10009,10037,28
10037,10039,2
10039,10061,22
10061,10067,6
10067,10069,2
10069,10079,10
10079,10091,12
10091,10093,2
10093,10099,6
10099,10103,4
10103,10111,8
10111,10133,22
10133,10139,6
10139,10141,2
10141,10151,10
10151,10159,8
10159,10163,4
10163,10169,6
10169,10177,8
10177,10181,4
10181,10193,12
10193,10211,18
10211,10223,12
10223,10243,20
10243,10247,4
10247,10253,6
10253,10259,6
10259,10267,8
10267,10271,4
10271,10273,2
10273,10289,16
10289,10301,12
10301,10303,2
10303,10313,10
10313,10321,8
10321,10331,10
10331,10333,2
10333,10337,4
10337,10343,6
10343,10357,14
10357,10369,12
10369,10391,22
10391,10399,8
10399,10427,28
10427,10429,2
10429,10433,4
10433,10453,20
10453,10457,4
10457,10459,2
10459,10463,4
10463,10477,14
10477,10487,10
10487,10499,12
10499,10501,2
10501,10513,12
10513,10529,16
10529,10531,2
10531,10559,28
10559,10567,8
10567,10589,22
10589,10597,8
10597,10601,4
10601,10607,6
10607,10613,6
10613,10627,14
10627,10631,4
10631,10639,8
10639,10651,12
10651,10657,6
10657,10663,6
10663,10667,4
10667,10687,20
10687,10691,4
10691,10709,18
10709,10711,2
10711,10723,12
10723,10729,6
10729,10733,4
10733,10739,6
10739,10753,14
10753,10771,18
10771,10781,10
10781,10789,8
10789,10799,10
10799,10831,32
10831,10837,6
10837,10847,10
10847,10853,6
10853,10859,6
10859,10861,2
10861,10867,6
10867,10883,16
10883,10889,6
10889,10891,2
10891,10903,12
10903,10909,6
10909,10937,28
10937,10939,2
10939,10949,10
10949,10957,8
10957,10973,16
10973,10979,6
10979,10987,8
10987,10993,6
10993,11003,10
11003,11027,24
11027,11047,20
11047,11057,10
11057,11059,2
11059,11069,10
11069,11071,2
11071,11083,12
11083,11087,4
11087,11093,6
11093,11113,20
11113,11117,4
11117,11119,2
11119,11131,12
11131,11149,18
11149,11159,10
11159,11161,2
11161,11171,10
11171,11173,2
11173,11177,4
11177,11197,20
11197,11213,16
11213,11239,26
11239,11243,4
11243,11251,8
11251,11257,6
11257,11261,4
11261,11273,12
11273,11279,6
11279,11287,8
11287,11299,12
11299,11311,12
11311,11317,6
11317,11321,4
11321,11329,8
11329,11351,22
11351,11353,2
11353,11369,16
11369,11383,14
11383,11393,10
11393,11399,6
11399,11411,12
11411,11423,12
11423,11437,14
11437,11443,6
11443,11447,4
11447,11467,20
11467,11471,4
11471,11483,12
11483,11489,6
11489,11491,2
11491,11497,6
11497,11503,6
11503,11519,16
11519,11527,8
11527,11549,22
11549,11551,2
11551,11579,28
11579,11587,8
11587,11593,6
11593,11597,4
11597,11617,20
11617,11621,4
11621,11633,12
11633,11657,24
11657,11677,20
11677,11681,4
11681,11689,8
11689,11699,10
11699,11701,2
11701,11717,16
11717,11719,2
11719,11731,12
11731,11743,12
11743,11777,34
11777,11779,2
11779,11783,4
11783,11789,6
11789,11801,12
11801,11807,6
11807,11813,6
11813,11821,8
11821,11827,6
11827,11831,4
11831,11833,2
11833,11839,6
11839,11863,24
11863,11867,4
11867,11887,20
11887,11897,10
11897,11903,6
11903,11909,6
11909,11923,14
11923,11927,4
11927,11933,6
11933,11939,6
11939,11941,2
11941,11953,12
11953,11959,6
11959,11969,10
11969,11971,2
11971,11981,10
11981,11987,6
11987,12007,20
12007,12011,4
12011,12037,26
12037,12041,4
12041,12043,2
12043,12049,6
12049,12071,22
12071,12073,2
12073,12097,24
12097,12101,4
12101,12107,6
12107,12109,2
12109,12113,4
12113,12119,6
12119,12143,24
12143,12149,6
12149,12157,8
12157,12161,4
12161,12163,2
12163,12197,34
12197,12203,6
12203,12211,8
12211,12227,16
12227,12239,12
12239,12241,2
12241,12251,10
12251,12253,2
12253,12263,10
12263,12269,6
12269,12277,8
12277,12281,4
12281,12289,8
12289,12301,12
12301,12323,22
12323,12329,6
12329,12343,14
12343,12347,4
12347,12373,26
12373,12377,4
12377,12379,2
12379,12391,12
12391,12401,10
12401,12409,8
12409,12413,4
12413,12421,8
12421,12433,12
12433,12437,4
12437,12451,14
12451,12457,6
12457,12473,16
12473,12479,6
12479,12487,8
12487,12491,4
12491,12497,6
12497,12503,6
12503,12511,8
12511,12517,6
12517,12527,10
12527,12539,12
12539,12541,2
12541,12547,6
12547,12553,6
12553,12569,16
12569,12577,8
12577,12583,6
12583,12589,6
12589,12601,12
12601,12611,10
12611,12613,2
12613,12619,6
12619,12637,18
12637,12641,4
12641,12647,6
12647,12653,6
12653,12659,6
12659,12671,12
12671,12689,18
12689,12697,8
12697,12703,6
12703,12713,10
12713,12721,8
12721,12739,18
12739,12743,4
12743,12757,14
12757,12763,6
12763,12781,18
12781,12791,10
12791,12799,8
12799,12809,10
12809,12821,12
12821,12823,2
12823,12829,6
12829,12841,12
12841,12853,12
12853,12889,36
12889,12893,4
12893,12899,6
12899,12907,8
12907,12911,4
12911,12917,6
12917,12919,2
12919,12923,4
12923,12941,18
12941,12953,12
12953,12959,6
12959,12967,8
12967,12973,6
12973,12979,6
12979,12983,4
12983,13001,18
13001,13003,2
13003,13007,4
13007,13009,2
13009,13033,24
13033,13037,4
13037,13043,6
13043,13049,6
13049,13063,14
13063,13093,30
13093,13099,6
13099,13103,4
13103,13109,6
13109,13121,12
13121,13127,6
13127,13147,20
13147,13151,4
13151,13159,8
13159,13163,4
13163,13171,8
13171,13177,6
13177,13183,6
13183,13187,4
13187,13217,30
13217,13219,2
13219,13229,10
13229,13241,12
13241,13249,8
13249,13259,10
13259,13267,8
13267,13291,24
13291,13297,6
13297,13309,12
13309,13313,4
13313,13327,14
13327,13331,4
13331,13337,6
13337,13339,2
13339,13367,28
13367,13381,14
13381,13397,16
13397,13399,2
13399,13411,12
13411,13417,6
13417,13421,4
13421,13441,20
13441,13451,10
13451,13457,6
13457,13463,6
13463,13469,6
13469,13477,8
13477,13487,10
13487,13499,12
13499,13513,14
13513,13523,10
13523,13537,14
13537,13553,16
13553,13567,14
13567,13577,10
13577,13591,14
13591,13597,6
13597,13613,16
13613,13619,6
13619,13627,8
13627,13633,6
13633,13649,16
13649,13669,20
13669,13679,10
13679,13681,2
13681,13687,6
13687,13691,4
13691,13693,2
13693,13697,4
13697,13709,12
13709,13711,2
13711,13721,10
13721,13723,2
13723,13729,6
13729,13751,22
13751,13757,6
13757,13759,2
13759,13763,4
13763,13781,18
13781,13789,8
13789,13799,10
13799,13807,8
13807,13829,22
13829,13831,2
13831,13841,10
13841,13859,18
13859,13873,14
13873,13877,4
13877,13879,2
13879,13883,4
13883,13901,18
13901,13903,2
13903,13907,4
13907,13913,6
13913,13921,8
13921,13931,10
13931,13933,2
13933,13963,30
13963,13967,4
13967,13997,30
13997,13999,2
13999,14009,10
14009,14011,2
14011,14029,18
14029,14033,4
14033,14051,18
14051,14057,6
14057,14071,14
14071,14081,10
14081,14083,2
14083,14087,4
14087,14107,20
14107,14143,36
14143,14149,6
14149,14153,4
14153,14159,6
14159,14173,14
14173,14177,4
14177,14197,20
14197,14207,10
14207,14221,14
14221,14243,22
14243,14249,6
14249,14251,2
14251,14281,30
14281,14293,12
14293,14303,10
14303,14321,18
14321,14323,2
14323,14327,4
14327,14341,14
14341,14347,6
14347,14369,22
14369,14387,18
14387,14389,2
14389,14401,12
14401,14407,6
14407,14411,4
14411,14419,8
14419,14423,4
14423,14431,8
14431,14437,6
14437,14447,10
14447,14449,2
14449,14461,12
14461,14479,18
14479,14489,10
14489,14503,14
14503,14519,16
14519,14533,14
14533,14537,4
14537,14543,6
14543,14549,6
14549,14551,2
14551,14557,6
14557,14561,4
14561,14563,2
14563,14591,28
14591,14593,2
14593,14621,28
14621,14627,6
14627,14629,2
14629,14633,4
14633,14639,6
14639,14653,14
14653,14657,4
14657,14669,12
14669,14683,14
14683,14699,16
14699,14713,14
14713,14717,4
14717,14723,6
14723,14731,8
14731,14737,6
14737,14741,4
14741,14747,6
14747,14753,6
14753,14759,6
14759,14767,8
14767,14771,4
14771,14779,8
14779,14783,4
14783,14797,14
14797,14813,16
14813,14821,8
14821,14827,6
14827,14831,4
14831,14843,12
14843,14851,8
14851,14867,16
14867,14869,2
14869,14879,10
14879,14887,8
14887,14891,4
14891,14897,6
14897,14923,26
14923,14929,6
14929,14939,10
14939,14947,8
14947,14951,4
14951,14957,6
14957,14969,12
14969,14983,14
14983,15013,30
15013,15017,4
15017,15031,14
15031,15053,22
15053,15061,8
15061,15073,12
15073,15077,4
15077,15083,6
15083,15091,8
15091,15101,10
15101,15107,6
15107,15121,14
15121,15131,10
15131,15137,6
15137,15139,2
15139,15149,10
15149,15161,12
15161,15173,12
15173,15187,14
15187,15193,6
15193,15199,6
15199,15217,18
15217,15227,10
15227,15233,6
15233,15241,8
15241,15259,18
15259,15263,4
15263,15269,6
15269,15271,2
15271,15277,6
15277,15287,10
15287,15289,2
15289,15299,10
15299,15307,8
15307,15313,6
15313,15319,6
15319,15329,10
15329,15331,2
15331,15349,18
15349,15359,10
15359,15361,2
15361,15373,12
15373,15377,4
15377,15383,6
15383,15391,8
15391,15401,10
15401,15413,12
15413,15427,14
15427,15439,12
15439,15443,4
15443,15451,8
15451,15461,10
15461,15467,6
15467,15473,6
15473,15493,20
15493,15497,4
15497,15511,14
15511,15527,16
15527,15541,14
15541,15551,10
15551,15559,8
15559,15569,10
15569,15581,12
15581,15583,2
15583,15601,18
15601,15607,6
15607,15619,12
15619,15629,10
15629,15641,12
15641,15643,2
15643,15647,4
15647,15649,2
15649,15661,12
15661,15667,6
15667,15671,4
15671,15679,8
15679,15683,4
15683,15727,44
15727,15731,4
15731,15733,2
15733,15737,4
15737,15739,2
15739,15749,10
15749,15761,12
15761,15767,6
15767,15773,6
15773,15787,14
15787,15791,4
15791,15797,6
15797,15803,6
15803,15809,6
15809,15817,8
15817,15823,6
15823,15859,36
15859,15877,18
15877,15881,4
15881,15887,6
15887,15889,2
15889,15901,12
15901,15907,6
15907,15913,6
15913,15919,6
15919,15923,4
15923,15937,14
15937,15959,22
15959,15971,12
15971,15973,2
15973,15991,18
15991,16001,10
16001,16007,6
16007,16033,26
16033,16057,24
16057,16061,4
16061,16063,2
16063,16067,4
16067,16069,2
16069,16073,4
16073,16087,14
16087,16091,4
16091,16097,6
16097,16103,6
16103,16111,8
16111,16127,16
16127,16139,12
16139,16141,2
16141,16183,42
16183,16187,4
16187,16189,2
16189,16193,4
16193,16217,24
16217,16223,6
16223,16229,6
16229,16231,2
16231,16249,18
16249,16253,4
16253,16267,14
16267,16273,6
16273,16301,28
16301,16319,18
16319,16333,14
16333,16339,6
16339,16349,10
16349,16361,12
16361,16363,2
16363,16369,6
16369,16381,12
16381,16411,30
16411,16417,6
16417,16421,4
16421,16427,6
16427,16433,6
16433,16447,14
16447,16451,4
16451,16453,2
16453,16477,24
16477,16481,4
16481,16487,6
16487,16493,6
16493,16519,26
16519,16529,10
16529,16547,18
16547,16553,6
16553,16561,8
16561,16567,6
16567,16573,6
16573,16603,30
16603,16607,4
16607,16619,12
16619,16631,12
16631,16633,2
16633,16649,16
16649,16651,2
16651,16657,6
16657,16661,4
16661,16673,12
16673,16691,18
16691,16693,2
16693,16699,6
16699,16703,4
16703,16729,26
16729,16741,12
16741,16747,6
16747,16759,12
16759,16763,4
16763,16787,24
16787,16811,24
16811,16823,12
16823,16829,6
16829,16831,2
16831,16843,12
16843,16871,28
16871,16879,8
16879,16883,4
16883,16889,6
16889,16901,12
16901,16903,2
16903,16921,18
16921,16927,6
16927,16931,4
16931,16937,6
16937,16943,6
16943,16963,20
16963,16979,16
16979,16981,2
16981,16987,6
16987,16993,6
16993,17011,18
17011,17021,10
17021,17027,6
17027,17029,2
17029,17033,4
17033,17041,8
17041,17047,6
17047,17053,6
17053,17077,24
17077,17093,16
17093,17099,6
17099,17107,8
17107,17117,10
17117,17123,6
17123,17137,14
17137,17159,22
17159,17167,8
17167,17183,16
17183,17189,6
17189,17191,2
17191,17203,12
17203,17207,4
17207,17209,2
17209,17231,22
17231,17239,8
17239,17257,18
17257,17291,34
17291,17293,2
17293,17299,6
17299,17317,18
17317,17321,4
17321,17327,6
17327,17333,6
17333,17341,8
17341,17351,10
17351,17359,8
17359,17377,18
17377,17383,6
17383,17387,4
17387,17389,2
17389,17393,4
17393,17401,8
17401,17417,16
17417,17419,2
17419,17431,12
17431,17443,12
17443,17449,6
17449,17467,18
17467,17471,4
17471,17477,6
17477,17483,6
17483,17489,6
17489,17491,2
17491,17497,6
17497,17509,12
17509,17519,10
17519,17539,20
17539,17551,12
17551,17569,18
17569,17573,4
17573,17579,6
17579,17581,2
17581,17597,16
17597,17599,2
17599,17609,10
17609,17623,14
17623,17627,4
17627,17657,30
17657,17659,2
17659,17669,10
17669,17681,12
17681,17683,2
17683,17707,24
17707,17713,6
17713,17729,16
17729,17737,8
17737,17747,10
17747,17749,2
17749,17761,12
17761,17783,22
17783,17789,6
17789,17791,2
17791,17807,16
17807,17827,20
17827,17837,10
17837,17839,2
17839,17851,12
17851,17863,12
17863,17881,18
17881,17891,10
17891,17903,12
17903,17909,6
17909,17911,2
17911,17921,10
17921,17923,2
17923,17929,6
17929,17939,10
17939,17957,18
17957,17959,2
17959,17971,12
17971,17977,6
17977,17981,4
17981,17987,6
17987,17989,2
17989,18013,24
18013,18041,28
18041,18043,2
18043,18047,4
18047,18049,2
18049,18059,10
18059,18061,2
18061,18077,16
18077,18089,12
18089,18097,8
18097,18119,22
18119,18121,2
18121,18127,6
18127,18131,4
18131,18133,2
18133,18143,10
18143,18149,6
18149,18169,20
18169,18181,12
18181,18191,10
18191,18199,8
18199,18211,12
18211,18217,6
18217,18223,6
18223,18229,6
18229,18233,4
18233,18251,18
18251,18253,2
18253,18257,4
18257,18269,12
18269,18287,18
18287,18289,2
18289,18301,12
18301,18307,6
18307,18311,4
18311,18313,2
18313,18329,16
18329,18341,12
18341,18353,12
18353,18367,14
18367,18371,4
18371,18379,8
18379,18397,18
18397,18401,4
18401,18413,12
18413,18427,14
18427,18433,6
18433,18439,6
18439,18443,4
18443,18451,8
18451,18457,6
18457,18461,4
18461,18481,20
18481,18493,12
18493,18503,10
18503,18517,14
18517,18521,4
18521,18523,2
18523,18539,16
18539,18541,2
18541,18553,12
18553,18583,30
18583,18587,4
18587,18593,6
18593,18617,24
18617,18637,20
18637,18661,24
18661,18671,10
18671,18679,8
18679,18691,12
18691,18701,10
18701,18713,12
18713,18719,6
18719,18731,12
18731,18743,12
18743,18749,6
18749,18757,8
18757,18773,16
18773,18787,14
18787,18793,6
18793,18797,4
18797,18803,6
18803,18839,36
18839,18859,20
18859,18869,10
18869,18899,30
18899,18911,12
18911,18913,2
18913,18917,4
18917,18919,2
18919,18947,28
18947,18959,12
18959,18973,14
18973,18979,6
18979,19001,22
19001,19009,8
19009,19013,4
19013,19031,18
19031,19037,6
19037,19051,14
19051,19069,18
19069,19073,4
19073,19079,6
19079,19081,2
19081,19087,6
19087,19121,34
19121,19139,18
19139,19141,2
19141,19157,16
19157,19163,6
19163,19181,18
19181,19183,2
19183,19207,24
19207,19211,4
19211,19213,2
19213,19219,6
19219,19231,12
19231,19237,6
19237,19249,12
19249,19259,10
19259,19267,8
19267,19273,6
19273,19289,16
19289,19301,12
19301,19309,8
19309,19319,10
19319,19333,14
19333,19373,40
19373,19379,6
19379,19381,2
19381,19387,6
19387,19391,4
19391,19403,12
19403,19417,14
19417,19421,4
19421,19423,2
19423,19427,4
19427,19429,2
19429,19433,4
19433,19441,8
19441,19447,6
19447,19457,10
19457,19463,6
19463,19469,6
19469,19471,2
19471,19477,6
19477,19483,6
19483,19489,6
19489,19501,12
19501,19507,6
19507,19531,24
19531,19541,10
19541,19543,2
19543,19553,10
19553,19559,6
19559,19571,12
19571,19577,6
19577,19583,6
19583,19597,14
19597,19603,6
19603,19609,6
19609,19661,52
19661,19681,20
19681,19687,6
19687,19697,10
19697,19699,2
19699,19709,10
19709,19717,8
19717,19727,10
19727,19739,12
19739,19751,12
19751,19753,2
19753,19759,6
19759,19763,4
19763,19777,14
19777,19793,16
19793,19801,8
19801,19813,12
19813,19819,6
19819,19841,22
19841,19843,2
19843,19853,10
19853,19861,8
19861,19867,6
19867,19889,22
19889,19891,2
19891,19913,22
19913,19919,6
19919,19927,8
19927,19937,10
19937,19949,12
19949,19961,12
19961,19963,2
19963,19973,10
19973,19979,6
19979,19991,12
19991,19993,2
19993,19997,4
19997,20011,14
20011,20021,10
20021,20023,2
20023,20029,6
20029,20047,18
20047,20051,4
20051,20063,12
20063,20071,8
20071,20089,18
20089,20101,12
20101,20107,6
20107,20113,6
20113,20117,4
20117,20123,6
20123,20129,6
20129,20143,14
20143,20147,4
20147,20149,2
20149,20161,12
20161,20173,12
20173,20177,4
20177,20183,6
20183,20201,18
20201,20219,18
20219,20231,12
20231,20233,2
20233,20249,16
20249,20261,12
20261,20269,8
20269,20287,18
20287,20297,10
20297,20323,26
20323,20327,4
20327,20333,6
20333,20341,8
20341,20347,6
20347,20353,6
20353,20357,4
20357,20359,2
20359,20369,10
20369,20389,20
20389,20393,4
20393,20399,6
20399,20407,8
20407,20411,4
20411,20431,20
20431,20441,10
20441,20443,2
20443,20477,34
20477,20479,2
20479,20483,4
20483,20507,24
20507,20509,2
20509,20521,12
20521,20533,12
20533,20543,10
20543,20549,6
20549,20551,2
20551,20563,12
20563,20593,30
20593,20599,6
20599,20611,12
20611,20627,16
20627,20639,12
20639,20641,2
20641,20663,22
20663,20681,18
20681,20693,12
20693,20707,14
20707,20717,10
20717,20719,2
20719,20731,12
20731,20743,12
20743,20747,4
20747,20749,2
20749,20753,4
20753,20759,6
20759,20771,12
20771,20773,2
20773,20789,16
20789,20807,18
20807,20809,2
20809,20849,40
20849,20857,8
20857,20873,16
20873,20879,6
20879,20887,8
20887,20897,10
20897,20899,2
20899,20903,4
20903,20921,18
20921,20929,8
20929,20939,10
20939,20947,8
20947,20959,12
20959,20963,4
20963,20981,18
20981,20983,2
20983,21001,18
21001,21011,10
21011,21013,2
21013,21017,4
21017,21019,2
21019,21023,4
21023,21031,8
21031,21059,28
21059,21061,2
21061,21067,6
21067,21089,22
21089,21101,12
21101,21107,6
21107,21121,14
21121,21139,18
21139,21143,4
21143,21149,6
21149,21157,8
21157,21163,6
21163,21169,6
21169,21179,10
21179,21187,8
21187,21191,4
21191,21193,2
21193,21211,18
21211,21221,10
21221,21227,6
21227,21247,20
21247,21269,22
21269,21277,8
21277,21283,6
21283,21313,30
21313,21317,4
21317,21319,2
21319,21323,4
21323,21341,18
21341,21347,6
21347,21377,30
21377,21379,2
21379,21383,4
21383,21391,8
21391,21397,6
21397,21401,4
21401,21407,6
21407,21419,12
21419,21433,14
21433,21467,34
21467,21481,14
21481,21487,6
21487,21491,4
21491,21493,2
21493,21499,6
21499,21503,4
21503,21517,14
21517,21521,4
21521,21523,2
21523,21529,6
21529,21557,28
21557,21559,2
21559,21563,4
21563,21569,6
21569,21577,8
21577,21587,10
21587,21589,2
21589,21599,10
21599,21601,2
21601,21611,10
21611,21613,2
21613,21617,4
21617,21647,30
21647,21649,2
21649,21661,12
21661,21673,12
21673,21683,10
21683,21701,18
21701,21713,12
21713,21727,14
21727,21737,10
21737,21739,2
21739,21751,12
21751,21757,6
21757,21767,10
21767,21773,6
21773,21787,14
21787,21799,12
21799,21803,4
21803,21817,14
21817,21821,4
21821,21839,18
21839,21841,2
21841,21851,10
21851,21859,8
21859,21863,4
21863,21871,8
21871,21881,10
21881,21893,12
21893,21911,18
21911,21929,18
21929,21937,8
21937,21943,6
21943,21961,18
21961,21977,16
21977,21991,14
21991,21997,6
21997,22003,6
22003,22013,10
22013,22027,14
22027,22031,4
22031,22037,6
22037,22039,2
22039,22051,12
22051,22063,12
22063,22067,4
22067,22073,6
22073,22079,6
22079,22091,12
22091,22093,2
22093,22109,16
22109,22111,2
22111,22123,12
22123,22129,6
22129,22133,4
22133,22147,14
22147,22153,6
22153,22157,4
22157,22159,2
22159,22171,12
22171,22189,18
22189,22193,4
22193,22229,36
22229,22247,18
22247,22259,12
22259,22271,12
22271,22273,2
22273,22277,4
22277,22279,2
22279,22283,4
22283,22291,8
22291,22303,12
22303,22307,4
22307,22343,36
22343,22349,6
22349,22367,18
22367,22369,2
22369,22381,12
22381,22391,10
22391,22397,6
22397,22409,12
22409,22433,24
22433,22441,8
22441,22447,6
22447,22453,6
22453,22469,16
22469,22481,12
22481,22483,2
22483,22501,18
22501,22511,10
22511,22531,20
22531,22541,10
22541,22543,2
22543,22549,6
22549,22567,18
22567,22571,4
22571,22573,2
22573,22613,40
22613,22619,6
22619,22621,2
22621,22637,16
22637,22639,2
22639,22643,4
22643,22651,8
22651,22669,18
22669,22679,10
22679,22691,12
22691,22697,6
22697,22699,2
22699,22709,10
22709,22717,8
22717,22721,4
22721,22727,6
22727,22739,12
22739,22741,2
22741,22751,10
22751,22769,18
22769,22777,8
22777,22783,6
22783,22787,4
22787,22807,20
22807,22811,4
22811,22817,6
22817,22853,36
22853,22859,6
22859,22861,2
22861,22871,10
22871,22877,6
22877,22901,24
22901,22907,6
22907,22921,14
22921,22937,16
22937,22943,6
22943,22961,18
22961,22963,2
22963,22973,10
22973,22993,20
22993,23003,10
23003,23011,8
23011,23017,6
23017,23021,4
23021,23027,6
23027,23029,2
23029,23039,10
23039,23041,2
23041,23053,12
23053,23057,4
23057,23059,2
23059,23063,4
23063,23071,8
23071,23081,10
23081,23087,6
23087,23099,12
23099,23117,18
23117,23131,14
23131,23143,12
23143,23159,16
23159,23167,8
23167,23173,6
23173,23189,16
23189,23197,8
23197,23201,4
23201,23203,2
23203,23209,6
23209,23227,18
23227,23251,24
23251,23269,18
23269,23279,10
23279,23291,12
23291,23293,2
23293,23297,4
23297,23311,14
23311,23321,10
23321,23327,6
23327,23333,6
23333,23339,6
23339,23357,18
23357,23369,12
23369,23371,2
23371,23399,28
23399,23417,18
23417,23431,14
23431,23447,16
23447,23459,12
23459,23473,14
23473,23497,24
23497,23509,12
23509,23531,22
23531,23537,6
23537,23539,2
23539,23549,10
23549,23557,8
23557,23561,4
23561,23563,2
23563,23567,4
23567,23581,14
23581,23593,12
23593,23599,6
23599,23603,4
23603,23609,6
23609,23623,14
23623,23627,4
23627,23629,2
23629,23633,4
23633,23663,30
23663,23669,6
23669,23671,2
23671,23677,6
23677,23687,10
23687,23689,2
23689,23719,30
23719,23741,22
23741,23743,2
23743,23747,4
23747,23753,6
23753,23761,8
23761,23767,6
23767,23773,6
23773,23789,16
23789,23801,12
23801,23813,12
23813,23819,6
23819,23827,8
23827,23831,4
23831,23833,2
23833,23857,24
23857,23869,12
23869,23873,4
23873,23879,6
23879,23887,8
23887,23893,6
23893,23899,6
23899,23909,10
23909,23911,2
23911,23917,6
23917,23929,12
23929,23957,28
23957,23971,14
23971,23977,6
23977,23981,4
23981,23993,12
23993,24001,8
24001,24007,6
24007,24019,12
24019,24023,4
24023,24029,6
24029,24043,14
24043,24049,6
24049,24061,12
24061,24071,10
24071,24077,6
24077,24083,6
24083,24091,8
24091,24097,6
24097,24103,6
24103,24107,4
24107,24109,2
24109,24113,4
24113,24121,8
24121,24133,12
24133,24137,4
24137,24151,14
24151,24169,18
24169,24179,10
24179,24181,2
24181,24197,16
24197,24203,6
24203,24223,20
24223,24229,6
24229,24239,10
24239,24247,8
24247,24251,4
24251,24281,30
24281,24317,36
24317,24329,12
24329,24337,8
24337,24359,22
24359,24371,12
24371,24373,2
24373,24379,6
24379,24391,12
24391,24407,16
24407,24413,6
24413,24419,6
24419,24421,2
24421,24439,18
24439,24443,4
24443,24469,26
24469,24473,4
24473,24481,8
24481,24499,18
24499,24509,10
24509,24517,8
24517,24527,10
24527,24533,6
24533,24547,14
24547,24551,4
24551,24571,20
24571,24593,22
24593,24611,18
24611,24623,12
24623,24631,8
24631,24659,28
24659,24671,12
24671,24677,6
24677,24683,6
24683,24691,8
24691,24697,6
24697,24709,12
24709,24733,24
24733,24749,16
24749,24763,14
24763,24767,4
24767,24781,14
24781,24793,12
24793,24799,6
24799,24809,10
24809,24821,12
24821,24841,20
24841,24847,6
24847,24851,4
24851,24859,8
24859,24877,18
24877,24889,12
24889,24907,18
24907,24917,10
24917,24919,2
24919,24923,4
24923,24943,20
24943,24953,10
24953,24967,14
24967,24971,4
24971,24977,6
24977,24979,2
24979,24989,10
24989,25013,24
25013,25031,18
25031,25033,2
25033,25037,4
25037,25057,20
25057,25073,16
25073,25087,14
25087,25097,10
25097,25111,14
25111,25117,6
25117,25121,4
25121,25127,6
25127,25147,20
25147,25153,6
25153,25163,10
25163,25169,6
25169,25171,2
25171,25183,12
25183,25189,6
25189,25219,30
25219,25229,10
25229,25237,8
25237,25243,6
25243,25247,4
25247,25253,6
25253,25261,8
25261,25301,40
25301,25303,2
25303,25307,4
25307,25309,2
25309,25321,12
25321,25339,18
25339,25343,4
25343,25349,6
25349,25357,8
25357,25367,10
25367,25373,6
25373,25391,18
25391,25409,18
25409,25411,2
25411,25423,12
25423,25439,16
25439,25447,8
25447,25453,6
25453,25457,4
25457,25463,6
25463,25469,6
25469,25471,2
25471,25523,52
25523,25537,14
25537,25541,4
25541,25561,20
25561,25577,16
25577,25579,2
25579,25583,4
25583,25589,6
25589,25601,12
25601,25603,2
25603,25609,6
25609,25621,12
25621,25633,12
25633,25639,6
25639,25643,4
25643,25657,14
25657,25667,10
25667,25673,6
25673,25679,6
25679,25693,14
25693,25703,10
25703,25717,14
25717,25733,16
25733,25741,8
25741,25747,6
25747,25759,12
25759,25763,4
25763,25771,8
25771,25793,22
25793,25799,6
25799,25801,2
25801,25819,18
25819,25841,22
25841,25847,6
25847,25849,2
25849,25867,18
25867,25873,6
25873,25889,16
25889,25903,14
25903,25913,10
25913,25919,6
25919,25931,12
25931,25933,2
25933,25939,6
25939,25943,4
25943,25951,8
25951,25969,18
25969,25981,12
25981,25997,16
25997,25999,2
25999,26003,4
26003,26017,14
26017,26021,4
26021,26029,8
26029,26041,12
26041,26053,12
26053,26083,30
26083,26099,16
26099,26107,8
26107,26111,4
26111,26113,2
26113,26119,6
26119,26141,22
26141,26153,12
26153,26161,8
26161,26171,10
26171,26177,6
26177,26183,6
26183,26189,6
26189,26203,14
26203,26209,6
26209,26227,18
26227,26237,10
26237,26249,12
26249,26251,2
26251,26261,10
26261,26263,2
26263,26267,4
26267,26293,26
26293,26297,4
26297,26309,12
26309,26317,8
26317,26321,4
26321,26339,18
26339,26347,8
26347,26357,10
26357,26371,14
26371,26387,16
26387,26393,6
26393,26399,6
26399,26407,8
26407,26417,10
26417,26423,6
26423,26431,8
26431,26437,6
26437,26449,12
26449,26459,10
26459,26479,20
26479,26489,10
26489,26497,8
26497,26501,4
26501,26513,12
26513,26539,26
26539,26557,18
26557,26561,4
26561,26573,12
26573,26591,18
26591,26597,6
26597,26627,30
26627,26633,6
26633,26641,8
26641,26647,6
26647,26669,22
26669,26681,12
26681,26683,2
26683,26687,4
26687,26693,6
26693,26699,6
26699,26701,2
26701,26711,10
26711,26713,2
26713,26717,4
26717,26723,6
26723,26729,6
26729,26731,2
26731,26737,6
26737,26759,22
26759,26777,18
26777,26783,6
26783,26801,18
26801,26813,12
26813,26821,8
26821,26833,12
26833,26839,6
26839,26849,10
26849,26861,12
26861,26863,2
26863,26879,16
26879,26881,2
26881,26891,10
26891,26893,2
26893,26903,10
26903,26921,18
26921,26927,6
26927,26947,20
26947,26951,4
26951,26953,2
26953,26959,6
26959,26981,22
26981,26987,6
26987,26993,6
26993,27011,18
27011,27017,6
27017,27031,14
27031,27043,12
27043,27059,16
27059,27061,2
27061,27067,6
27067,27073,6
27073,27077,4
27077,27091,14
27091,27103,12
27103,27107,4
27107,27109,2
27109,27127,18
27127,27143,16
27143,27179,36
27179,27191,12
27191,27197,6
27197,27211,14
27211,27239,28
27239,27241,2
27241,27253,12
27253,27259,6
27259,27271,12
27271,27277,6
27277,27281,4
27281,27283,2
27283,27299,16
27299,27329,30
27329,27337,8
27337,27361,24
27361,27367,6
27367,27397,30
27397,27407,10
27407,27409,2
27409,27427,18
27427,27431,4
27431,27437,6
27437,27449,12
27449,27457,8
27457,27479,22
27479,27481,2
27481,27487,6
27487,27509,22
27509,27527,18
27527,27529,2
27529,27539,10
27539,27541,2
27541,27551,10
27551,27581,30
27581,27583,2
27583,27611,28
27611,27617,6
27617,27631,14
27631,27647,16
27647,27653,6
27653,27673,20
27673,27689,16
27689,27691,2
27691,27697,6
27697,27701,4
27701,27733,32
27733,27737,4
27737,27739,2
27739,27743,4
27743,27749,6
27749,27751,2
27751,27763,12
27763,27767,4
27767,27773,6
27773,27779,6
27779,27791,12
27791,27793,2
27793,27799,6
27799,27803,4
27803,27809,6
27809,27817,8
27817,27823,6
27823,27827,4
27827,27847,20
27847,27851,4
27851,27883,32
27883,27893,10
27893,27901,8
27901,27917,16
27917,27919,2
27919,27941,22
27941,27943,2
27943,27947,4
27947,27953,6
27953,27961,8
27961,27967,6
27967,27983,16
27983,27997,14
27997,28001,4
28001,28019,18
28019,28027,8
28027,28031,4
28031,28051,20
28051,28057,6
28057,28069,12
28069,28081,12
28081,28087,6
28087,28097,10
28097,28099,2
28099,28109,10
28109,28111,2
28111,28123,12
28123,28151,28
28151,28163,12
28163,28181,18
28181,28183,2
28183,28201,18
28201,28211,10
28211,28219,8
28219,28229,10
28229,28277,48
28277,28279,2
28279,28283,4
28283,28289,6
28289,28297,8
28297,28307,10
28307,28309,2
28309,28319,10
28319,28349,30
28349,28351,2
28351,28387,36
28387,28393,6
28393,28403,10
28403,28409,6
28409,28411,2
28411,28429,18
28429,28433,4
28433,28439,6
28439,28447,8
28447,28463,16
28463,28477,14
28477,28493,16
28493,28499,6
28499,28513,14
28513,28517,4
28517,28537,20
28537,28541,4
28541,28547,6
28547,28549,2
28549,28559,10
28559,28571,12
28571,28573,2
28573,28579,6
28579,28591,12
28591,28597,6
28597,28603,6
28603,28607,4
28607,28619,12
28619,28621,2
28621,28627,6
28627,28631,4
28631,28643,12
28643,28649,6
28649,28657,8
28657,28661,4
28661,28663,2
28663,28669,6
28669,28687,18
28687,28697,10
28697,28703,6
28703,28711,8
28711,28723,12
28723,28729,6
28729,28751,22
28751,28753,2
28753,28759,6
28759,28771,12
28771,28789,18
28789,28793,4
28793,28807,14
28807,28813,6
28813,28817,4
28817,28837,20
28837,28843,6
28843,28859,16
28859,28867,8
28867,28871,4
28871,28879,8
28879,28901,22
28901,28909,8
28909,28921,12
28921,28927,6
28927,28933,6
28933,28949,16
28949,28961,12
28961,28979,18
28979,29009,30
29009,29017,8
29017,29021,4
29021,29023,2
29023,29027,4
29027,29033,6
29033,29059,26
29059,29063,4
29063,29077,14
29077,29101,24
29101,29123,22
29123,29129,6
29129,29131,2
29131,29137,6
29137,29147,10
29147,29153,6
29153,29167,14
29167,29173,6
29173,29179,6
29179,29191,12
29191,29201,10
29201,29207,6
29207,29209,2
29209,29221,12
29221,29231,10
29231,29243,12
29243,29251,8
29251,29269,18
29269,29287,18
29287,29297,10
29297,29303,6
29303,29311,8
29311,29327,16
29327,29333,6
29333,29339,6
29339,29347,8
29347,29363,16
29363,29383,20
29383,29387,4
29387,29389,2
29389,29399,10
29399,29401,2
29401,29411,10
29411,29423,12
29423,29429,6
29429,29437,8
29437,29443,6
29443,29453,10
29453,29473,20
29473,29483,10
29483,29501,18
29501,29527,26
29527,29531,4
29531,29537,6
29537,29567,30
29567,29569,2
29569,29573,4
29573,29581,8
29581,29587,6
29587,29599,12
29599,29611,12
29611,29629,18
29629,29633,4
29633,29641,8
29641,29663,22
29663,29669,6
29669,29671,2
29671,29683,12
29683,29717,34
29717,29723,6
29723,29741,18
29741,29753,12
29753,29759,6
29759,29761,2
29761,29789,28
29789,29803,14
29803,29819,16
29819,29833,14
29833,29837,4
29837,29851,14
29851,29863,12
29863,29867,4
29867,29873,6
29873,29879,6
29879,29881,2
29881,29917,36
29917,29921,4
29921,29927,6
29927,29947,20
29947,29959,12
29959,29983,24
29983,29989,6
29989,30011,22
30011,30013,2
30013,30029,16
30029,30047,18
30047,30059,12
30059,30071,12
30071,30089,18
30089,30091,2
30091,30097,6
30097,30103,6
30103,30109,6
30109,30113,4
30113,30119,6
30119,30133,14
30133,30137,4
30137,30139,2
30139,30161,22
30161,30169,8
30169,30181,12
30181,30187,6
30187,30197,10
30197,30203,6
30203,30211,8
30211,30223,12
30223,30241,18
30241,30253,12
30253,30259,6
30259,30269,10
30269,30271,2
30271,30293,22
30293,30307,14
30307,30313,6
30313,30319,6
30319,30323,4
30323,30341,18
30341,30347,6
30347,30367,20
30367,30389,22
30389,30391,2
30391,30403,12
30403,30427,24
30427,30431,4
30431,30449,18
30449,30467,18
30467,30469,2
30469,30491,22
30491,30493,2
30493,30497,4
30497,30509,12
30509,30517,8
30517,30529,12
30529,30539,10
30539,30553,14
30553,30557,4
30557,30559,2
30559,30577,18
30577,30593,16
30593,30631,38
30631,30637,6
30637,30643,6
30643,30649,6
30649,30661,12
30661,30671,10
30671,30677,6
30677,30689,12
30689,30697,8
30697,30703,6
30703,30707,4
30707,30713,6
30713,30727,14
30727,30757,30
30757,30763,6
30763,30773,10
30773,30781,8
30781,30803,22
30803,30809,6
30809,30817,8
30817,30829,12
30829,30839,10
30839,30841,2
30841,30851,10
30851,30853,2
30853,30859,6
30859,30869,10
30869,30871,2
30871,30881,10
30881,30893,12
30893,30911,18
30911,30931,20
30931,30937,6
30937,30941,4
30941,30949,8
30949,30971,22
30971,30977,6
30977,30983,6
30983,31013,30
31013,31019,6
31019,31033,14
31033,31039,6
31039,31051,12
31051,31063,12
31063,31069,6
31069,31079,10
31079,31081,2
31081,31091,10
31091,31121,30
31121,31123,2
31123,31139,16
31139,31147,8
31147,31151,4
31151,31153,2
31153,31159,6
31159,31177,18
31177,31181,4
31181,31183,2
31183,31189,6
31189,31193,4
31193,31219,26
31219,31223,4
31223,31231,8
31231,31237,6
31237,31247,10
31247,31249,2
31249,31253,4
31253,31259,6
31259,31267,8
31267,31271,4
31271,31277,6
31277,31307,30
31307,31319,12
31319,31321,2
31321,31327,6
31327,31333,6
31333,31337,4
31337,31357,20
31357,31379,22
31379,31387,8
31387,31391,4
31391,31393,2
31393,31397,4
31397,31469,72
31469,31477,8
31477,31481,4
31481,31489,8
31489,31511,22
31511,31513,2
31513,31517,4
31517,31531,14
31531,31541,10
31541,31543,2
31543,31547,4
31547,31567,20
31567,31573,6
31573,31583,10
31583,31601,18
31601,31607,6
31607,31627,20
31627,31643,16
31643,31649,6
31649,31657,8
31657,31663,6
31663,31667,4
31667,31687,20
31687,31699,12
31699,31721,22
31721,31723,2
31723,31727,4
31727,31729,2
31729,31741,12
31741,31751,10
31751,31769,18
31769,31771,2
31771,31793,22
31793,31799,6
31799,31817,18
31817,31847,30
31847,31849,2
31849,31859,10
31859,31873,14
31873,31883,10
31883,31891,8
31891,31907,16
31907,31957,50
31957,31963,6
31963,31973,10
31973,31981,8
31981,31991,10
31991,32003,12
32003,32009,6
32009,32027,18
32027,32029,2
32029,32051,22
32051,32057,6
32057,32059,2
32059,32063,4
32063,32069,6
32069,32077,8
32077,32083,6
32083,32089,6
32089,32099,10
32099,32117,18
32117,32119,2
32119,32141,22
32141,32143,2
32143,32159,16
32159,32173,14
32173,32183,10
32183,32189,6
32189,32191,2
32191,32203,12
32203,32213,10
32213,32233,20
32233,32237,4
32237,32251,14
32251,32257,6
32257,32261,4
32261,32297,36
32297,32299,2
32299,32303,4
32303,32309,6
32309,32321,12
32321,32323,2
32323,32327,4
32327,32341,14
32341,32353,12
32353,32359,6
32359,32363,4
32363,32369,6
32369,32371,2
32371,32377,6
32377,32381,4
32381,32401,20
32401,32411,10
32411,32413,2
32413,32423,10
32423,32429,6
32429,32441,12
32441,32443,2
32443,32467,24
32467,32479,12
32479,32491,12
32491,32497,6
32497,32503,6
32503,32507,4
32507,32531,24
32531,32533,2
32533,32537,4
32537,32561,24
32561,32563,2
32563,32569,6
32569,32573,4
32573,32579,6
32579,32587,8
32587,32603,16
32603,32609,6
32609,32611,2
32611,32621,10
32621,32633,12
32633,32647,14
32647,32653,6
32653,32687,34
32687,32693,6
32693,32707,14
32707,32713,6
32713,32717,4
32717,32719,2
32719,32749,30
32749,32771,22
32771,32779,8
32779,32783,4
32783,32789,6
32789,32797,8
32797,32801,4
32801,32803,2
32803,32831,28
32831,32833,2
32833,32839,6
32839,32843,4
32843,32869,26
32869,32887,18
32887,32909,22
32909,32911,2
32911,32917,6
32917,32933,16
32933,32939,6
32939,32941,2
32941,32957,16
32957,32969,12
32969,32971,2
32971,32983,12
32983,32987,4
32987,32993,6
32993,32999,6
32999,33013,14
33013,33023,10
33023,33029,6
33029,33037,8
33037,33049,12
33049,33053,4
33053,33071,18
33071,33073,2
33073,33083,10
33083,33091,8
33091,33107,16
33107,33113,6
33113,33119,6
33119,33149,30
33149,33151,2
33151,33161,10
33161,33179,18
33179,33181,2
33181,33191,10
33191,33199,8
33199,33203,4
33203,33211,8
33211,33223,12
33223,33247,24
33247,33287,40
33287,33289,2
33289,33301,12
33301,33311,10
33311,33317,6
33317,33329,12
33329,33331,2
33331,33343,12
33343,33347,4
33347,33349,2
33349,33353,4
33353,33359,6
33359,33377,18
33377,33391,14
33391,33403,12
33403,33409,6
33409,33413,4
33413,33427,14
33427,33457,30
33457,33461,4
33461,33469,8
33469,33479,10
33479,33487,8
33487,33493,6
33493,33503,10
33503,33521,18
33521,33529,8
33529,33533,4
33533,33547,14
33547,33563,16
33563,33569,6
33569,33577,8
33577,33581,4
33581,33587,6
33587,33589,2
33589,33599,10
33599,33601,2
33601,33613,12
33613,33617,4
33617,33619,2
33619,33623,4
33623,33629,6
33629,33637,8
33637,33641,4
33641,33647,6
33647,33679,32
33679,33703,24
33703,33713,10
33713,33721,8
33721,33739,18
33739,33749,10
33749,33751,2
33751,33757,6
33757,33767,10
33767,33769,2
33769,33773,4
33773,33791,18
33791,33797,6
33797,33809,12
33809,33811,2
33811,33827,16
33827,33829,2
33829,33851,22
33851,33857,6
33857,33863,6
33863,33871,8
33871,33889,18
33889,33893,4
33893,33911,18
33911,33923,12
33923,33931,8
33931,33937,6
33937,33941,4
33941,33961,20
33961,33967,6
33967,33997,30
33997,34019,22
34019,34031,12
34031,34033,2
34033,34039,6
34039,34057,18
34057,34061,4
34061,34123,62
34123,34127,4
34127,34129,2
34129,34141,12
34141,34147,6
34147,34157,10
34157,34159,2
34159,34171,12
34171,34183,12
34183,34211,28
34211,34213,2
34213,34217,4
34217,34231,14
34231,34253,22
34253,34259,6
34259,34261,2
34261,34267,6
34267,34273,6
34273,34283,10
34283,34297,14
34297,34301,4
34301,34303,2
34303,34313,10
34313,34319,6
34319,34327,8
34327,34337,10
34337,34351,14
34351,34361,10
34361,34367,6
34367,34369,2
34369,34381,12
34381,34403,22
34403,34421,18
34421,34429,8
34429,34439,10
34439,34457,18
34457,34469,12
34469,34471,2
34471,34483,12
34483,34487,4
34487,34499,12
34499,34501,2
34501,34511,10
34511,34513,2
34513,34519,6
34519,34537,18
34537,34543,6
34543,34549,6
34549,34583,34
34583,34589,6
34589,34591,2
34591,34603,12
34603,34607,4
34607,34613,6
34613,34631,18
34631,34649,18
34649,34651,2
34651,34667,16
34667,34673,6
34673,34679,6
34679,34687,8
34687,34693,6
34693,34703,10
34703,34721,18
34721,34729,8
34729,34739,10
34739,34747,8
34747,34757,10
34757,34759,2
34759,34763,4
34763,34781,18
34781,34807,26
34807,34819,12
34819,34841,22
34841,34843,2
34843,34847,4
34847,34849,2
34849,34871,22
34871,34877,6
34877,34883,6
34883,34897,14
34897,34913,16
34913,34919,6
34919,34939,20
34939,34949,10
34949,34961,12
34961,34963,2
34963,34981,18
34981,35023,42
35023,35027,4
35027,35051,24
35051,35053,2
35053,35059,6
35059,35069,10
35069,35081,12
35081,35083,2
35083,35089,6
35089,35099,10
35099,35107,8
35107,35111,4
35111,35117,6
35117,35129,12
35129,35141,12
35141,35149,8
35149,35153,4
35153,35159,6
35159,35171,12
35171,35201,30
35201,35221,20
35221,35227,6
35227,35251,24
35251,35257,6
35257,35267,10
35267,35279,12
35279,35281,2
35281,35291,10
35291,35311,20
35311,35317,6
35317,35323,6
35323,35327,4
35327,35339,12
35339,35353,14
35353,35363,10
35363,35381,18
35381,35393,12
35393,35401,8
35401,35407,6
35407,35419,12
35419,35423,4
35423,35437,14
35437,35447,10
35447,35449,2
35449,35461,12
35461,35491,30
35491,35507,16
35507,35509,2
35509,35521,12
35521,35527,6
35527,35531,4
35531,35533,2
35533,35537,4
35537,35543,6
35543,35569,26
35569,35573,4
35573,35591,18
35591,35593,2
35593,35597,4
35597,35603,6
35603,35617,14
35617,35671,54
35671,35677,6
35677,35729,52
35729,35731,2
35731,35747,16
35747,35753,6
35753,35759,6
35759,35771,12
35771,35797,26
35797,35801,4
35801,35803,2
35803,35809,6
35809,35831,22
35831,35837,6
35837,35839,2
35839,35851,12
35851,35863,12
35863,35869,6
35869,35879,10
35879,35897,18
35897,35899,2
35899,35911,12
35911,35923,12
35923,35933,10
35933,35951,18
35951,35963,12
35963,35969,6
35969,35977,8
35977,35983,6
35983,35993,10
35993,35999,6
35999,36007,8
36007,36011,4
36011,36013,2
36013,36017,4
36017,36037,20
36037,36061,24
36061,36067,6
36067,36073,6
36073,36083,10
36083,36097,14
36097,36107,10
36107,36109,2
36109,36131,22
36131,36137,6
36137,36151,14
36151,36161,10
36161,36187,26
36187,36191,4
36191,36209,18
36209,36217,8
36217,36229,12
36229,36241,12
36241,36251,10
36251,36263,12
36263,36269,6
36269,36277,8
36277,36293,16
36293,36299,6
36299,36307,8
36307,36313,6
36313,36319,6
36319,36341,22
36341,36343,2
36343,36353,10
36353,36373,20
36373,36383,10
36383,36389,6
36389,36433,44
36433,36451,18
36451,36457,6
36457,36467,10
36467,36469,2
36469,36473,4
36473,36479,6
36479,36493,14
36493,36497,4
36497,36523,26
36523,36527,4
36527,36529,2
36529,36541,12
36541,36551,10
36551,36559,8
36559,36563,4
36563,36571,8
36571,36583,12
36583,36587,4
36587,36599,12
36599,36607,8
36607,36629,22
36629,36637,8
36637,36643,6
36643,36653,10
36653,36671,18
36671,36677,6
36677,36683,6
36683,36691,8
36691,36697,6
36697,36709,12
36709,36713,4
36713,36721,8
36721,36739,18
36739,36749,10
36749,36761,12
36761,36767,6
36767,36779,12
36779,36781,2
36781,36787,6
36787,36791,4
36791,36793,2
36793,36809,16
36809,36821,12
36821,36833,12
36833,36847,14
36847,36857,10
36857,36871,14
36871,36877,6
36877,36887,10
36887,36899,12
36899,36901,2
36901,36913,12
36913,36919,6
36919,36923,4
36923,36929,6
36929,36931,2
36931,36943,12
36943,36947,4
36947,36973,26
36973,36979,6
36979,36997,18
36997,37003,6
37003,37013,10
37013,37019,6
37019,37021,2
37021,37039,18
37039,37049,10
37049,37057,8
37057,37061,4
37061,37087,26
37087,37097,10
37097,37117,20
37117,37123,6
37123,37139,16
37139,37159,20
37159,37171,12
37171,37181,10
37181,37189,8
37189,37199,10
37199,37201,2
37201,37217,16
37217,37223,6
37223,37243,20
37243,37253,10
37253,37273,20
37273,37277,4
37277,37307,30
37307,37309,2
37309,37313,4
37313,37321,8
37321,37337,16
37337,37339,2
37339,37357,18
37357,37361,4
37361,37363,2
37363,37369,6
37369,37379,10
37379,37397,18
37397,37409,12
37409,37423,14
37423,37441,18
37441,37447,6
37447,37463,16
37463,37483,20
37483,37489,6
37489,37493,4
37493,37501,8
37501,37507,6
37507,37511,4
37511,37517,6
37517,37529,12
37529,37537,8
37537,37547,10
37547,37549,2
37549,37561,12
37561,37567,6
37567,37571,4
37571,37573,2
37573,37579,6
37579,37589,10
37589,37591,2
37591,37607,16
37607,37619,12
37619,37633,14
37633,37643,10
37643,37649,6
37649,37657,8
37657,37663,6
37663,37691,28
37691,37693,2
37693,37699,6
37699,37717,18
37717,37747,30
37747,37781,34
37781,37783,2
37783,37799,16
37799,37811,12
37811,37813,2
37813,37831,18
37831,37847,16
37847,37853,6
37853,37861,8
37861,37871,10
37871,37879,8
37879,37889,10
37889,37897,8
37897,37907,10
37907,37951,44
37951,37957,6
37957,37963,6
37963,37967,4
37967,37987,20
37987,37991,4
37991,37993,2
37993,37997,4
37997,38011,14
38011,38039,28
38039,38047,8
38047,38053,6
38053,38069,16
38069,38083,14
38083,38113,30
38113,38119,6
38119,38149,30
38149,38153,4
38153,38167,14
38167,38177,10
38177,38183,6
38183,38189,6
38189,38197,8
38197,38201,4
38201,38219,18
38219,38231,12
38231,38237,6
38237,38239,2
38239,38261,22
38261,38273,12
38273,38281,8
38281,38287,6
38287,38299,12
38299,38303,4
38303,38317,14
38317,38321,4
38321,38327,6
38327,38329,2
38329,38333,4
38333,38351,18
38351,38371,20
38371,38377,6
38377,38393,16
38393,38431,38
38431,38447,16
38447,38449,2
38449,38453,4
38453,38459,6
38459,38461,2
38461,38501,40
38501,38543,42
38543,38557,14
38557,38561,4
38561,38567,6
38567,38569,2
38569,38593,24
38593,38603,10
38603,38609,6
38609,38611,2
38611,38629,18
38629,38639,10
38639,38651,12
38651,38653,2
38653,38669,16
38669,38671,2
38671,38677,6
38677,38693,16
38693,38699,6
38699,38707,8
38707,38711,4
38711,38713,2
38713,38723,10
38723,38729,6
38729,38737,8
38737,38747,10
38747,38749,2
38749,38767,18
38767,38783,16
38783,38791,8
38791,38803,12
38803,38821,18
38821,38833,12
38833,38839,6
38839,38851,12
38851,38861,10
38861,38867,6
38867,38873,6
38873,38891,18
38891,38903,12
38903,38917,14
38917,38921,4
38921,38923,2
38923,38933,10
38933,38953,20
38953,38959,6
38959,38971,12
38971,38977,6
38977,38993,16
38993,39019,26
39019,39023,4
39023,39041,18
39041,39043,2
39043,39047,4
39047,39079,32
39079,39089,10
39089,39097,8
39097,39103,6
39103,39107,4
39107,39113,6
39113,39119,6
39119,39133,14
39133,39139,6
39139,39157,18
39157,39161,4
39161,39163,2
39163,39181,18
39181,39191,10
39191,39199,8
39199,39209,10
39209,39217,8
39217,39227,10
39227,39229,2
39229,39233,4
39233,39239,6
39239,39241,2
39241,39251,10
39251,39293,42
39293,39301,8
39301,39313,12
39313,39317,4
39317,39323,6
39323,39341,18
39341,39343,2
39343,39359,16
39359,39367,8
39367,39371,4
39371,39373,2
39373,39383,10
39383,39397,14
39397,39409,12
39409,39419,10
39419,39439,20
39439,39443,4
39443,39451,8
39451,39461,10
39461,39499,38
39499,39503,4
39503,39509,6
39509,39511,2
39511,39521,10
39521,39541,20
39541,39551,10
39551,39563,12
39563,39569,6
39569,39581,12
39581,39607,26
39607,39619,12
39619,39623,4
39623,39631,8
39631,39659,28
39659,39667,8
39667,39671,4
39671,39679,8
39679,39703,24
39703,39709,6
39709,39719,10
39719,39727,8
39727,39733,6
39733,39749,16
39749,39761,12
39761,39769,8
39769,39779,10
39779,39791,12
39791,39799,8
39799,39821,22
39821,39827,6
39827,39829,2
39829,39839,10
39839,39841,2
39841,39847,6
39847,39857,10
39857,39863,6
39863,39869,6
39869,39877,8
39877,39883,6
39883,39887,4
39887,39901,14
39901,39929,28
39929,39937,8
39937,39953,16
39953,39971,18
39971,39979,8
39979,39983,4
39983,39989,6
39989,40009,20
40009,40013,4
40013,40031,18
40031,40037,6
40037,40039,2
40039,40063,24
40063,40087,24
40087,40093,6
40093,40099,6
40099,40111,12
40111,40123,12
40123,40127,4
40127,40129,2
40129,40151,22
40151,40153,2
40153,40163,10
40163,40169,6
40169,40177,8
40177,40189,12
40189,40193,4
40193,40213,20
40213,40231,18
40231,40237,6
40237,40241,4
40241,40253,12
40253,40277,24
40277,40283,6
40283,40289,6
40289,40343,54
40343,40351,8
40351,40357,6
40357,40361,4
40361,40387,26
40387,40423,36
40423,40427,4
40427,40429,2
40429,40433,4
40433,40459,26
40459,40471,12
40471,40483,12
40483,40487,4
40487,40493,6
40493,40499,6
40499,40507,8
40507,40519,12
40519,40529,10
40529,40531,2
40531,40543,12
40543,40559,16
40559,40577,18
40577,40583,6
40583,40591,8
40591,40597,6
40597,40609,12
40609,40627,18
40627,40637,10
40637,40639,2
40639,40693,54
40693,40697,4
40697,40699,2
40699,40709,10
40709,40739,30
40739,40751,12
40751,40759,8
40759,40763,4
40763,40771,8
40771,40787,16
40787,40801,14
40801,40813,12
40813,40819,6
40819,40823,4
40823,40829,6
40829,40841,12
40841,40847,6
40847,40849,2
40849,40853,4
40853,40867,14
40867,40879,12
40879,40883,4
40883,40897,14
40897,40903,6
40903,40927,24
40927,40933,6
40933,40939,6
40939,40949,10
40949,40961,12
40961,40973,12
40973,40993,20
40993,41011,18
41011,41017,6
41017,41023,6
41023,41039,16
41039,41047,8
41047,41051,4
41051,41057,6
41057,41077,20
41077,41081,4
41081,41113,32
41113,41117,4
41117,41131,14
41131,41141,10
41141,41143,2
41143,41149,6
41149,41161,12
41161,41177,16
41177,41179,2
41179,41183,4
41183,41189,6
41189,41201,12
41201,41203,2
41203,41213,10
41213,41221,8
41221,41227,6
41227,41231,4
41231,41233,2
41233,41243,10
41243,41257,14
41257,41263,6
41263,41269,6
41269,41281,12
41281,41299,18
41299,41333,34
41333,41341,8
41341,41351,10
41351,41357,6
41357,41381,24
41381,41387,6
41387,41389,2
41389,41399,10
41399,41411,12
41411,41413,2
41413,41443,30
41443,41453,10
41453,41467,14
41467,41479,12
41479,41491,12
41491,41507,16
41507,41513,6
41513,41519,6
41519,41521,2
41521,41539,18
41539,41543,4
41543,41549,6
41549,41579,30
41579,41593,14
41593,41597,4
41597,41603,6
41603,41609,6
41609,41611,2
41611,41617,6
41617,41621,4
41621,41627,6
41627,41641,14
41641,41647,6
41647,41651,4
41651,41659,8
41659,41669,10
41669,41681,12
41681,41687,6
41687,41719,32
41719,41729,10
41729,41737,8
41737,41759,22
41759,41761,2
41761,41771,10
41771,41777,6
41777,41801,24
41801,41809,8
41809,41813,4
41813,41843,30
41843,41849,6
41849,41851,2
41851,41863,12
41863,41879,16
41879,41887,8
41887,41893,6
41893,41897,4
41897,41903,6
41903,41911,8
41911,41927,16
41927,41941,14
41941,41947,6
41947,41953,6
41953,41957,4
41957,41959,2
41959,41969,10
41969,41981,12
41981,41983,2
41983,41999,16
41999,42013,14
42013,42017,4
42017,42019,2
42019,42023,4
42023,42043,20
42043,42061,18
42061,42071,10
42071,42073,2
42073,42083,10
42083,42089,6
42089,42101,12
42101,42131,30
42131,42139,8
42139,42157,18
42157,42169,12
42169,42179,10
42179,42181,2
42181,42187,6
42187,42193,6
42193,42197,4
42197,42209,12
42209,42221,12
42221,42223,2
42223,42227,4
42227,42239,12
42239,42257,18
42257,42281,24
42281,42283,2
42283,42293,10
42293,42299,6
42299,42307,8
42307,42323,16
42323,42331,8
42331,42337,6
42337,42349,12
42349,42359,10
42359,42373,14
42373,42379,6
42379,42391,12
42391,42397,6
42397,42403,6
42403,42407,4
42407,42409,2
42409,42433,24
42433,42437,4
42437,42443,6
42443,42451,8
42451,42457,6
42457,42461,4
42461,42463,2
42463,42467,4
42467,42473,6
42473,42487,14
42487,42491,4
42491,42499,8
42499,42509,10
42509,42533,24
42533,42557,24
42557,42569,12
42569,42571,2
42571,42577,6
42577,42589,12
42589,42611,22
42611,42641,30
42641,42643,2
42643,42649,6
42649,42667,18
42667,42677,10
42677,42683,6
42683,42689,6
42689,42697,8
42697,42701,4
42701,42703,2
42703,42709,6
42709,42719,10
42719,42727,8
42727,42737,10
42737,42743,6
42743,42751,8
42751,42767,16
42767,42773,6
42773,42787,14
42787,42793,6
42793,42797,4
42797,42821,24
42821,42829,8
42829,42839,10
42839,42841,2
42841,42853,12
42853,42859,6
42859,42863,4
42863,42899,36
42899,42901,2
42901,42923,22
42923,42929,6
42929,42937,8
42937,42943,6
42943,42953,10
42953,42961,8
42961,42967,6
42967,42979,12
42979,42989,10
42989,43003,14
43003,43013,10
43013,43019,6
43019,43037,18
43037,43049,12
43049,43051,2
43051,43063,12
43063,43067,4
43067,43093,26
43093,43103,10
43103,43117,14
43117,43133,16
43133,43151,18
43151,43159,8
43159,43177,18
43177,43189,12
43189,43201,12
43201,43207,6
43207,43223,16
43223,43237,14
43237,43261,24
43261,43271,10
43271,43283,12
43283,43291,8
43291,43313,22
43313,43319,6
43319,43321,2
43321,43331,10
43331,43391,60
43391,43397,6
43397,43399,2
43399,43403,4
43403,43411,8
43411,43427,16
43427,43441,14
43441,43451,10
43451,43457,6
43457,43481,24
43481,43487,6
43487,43499,12
43499,43517,18
43517,43541,24
43541,43543,2
43543,43573,30
43573,43577,4
43577,43579,2
43579,43591,12
43591,43597,6
43597,43607,10
43607,43609,2
43609,43613,4
43613,43627,14
43627,43633,6
43633,43649,16
43649,43651,2
43651,43661,10
43661,43669,8
43669,43691,22
43691,43711,20
43711,43717,6
43717,43721,4
43721,43753,32
43753,43759,6
43759,43777,18
43777,43781,4
43781,43783,2
43783,43787,4
43787,43789,2
43789,43793,4
43793,43801,8
43801,43853,52
43853,43867,14
43867,43889,22
43889,43891,2
43891,43913,22
43913,43933,20
43933,43943,10
43943,43951,8
43951,43961,10
43961,43963,2
43963,43969,6
43969,43973,4
43973,43987,14
43987,43991,4
43991,43997,6
43997,44017,20
44017,44021,4
44021,44027,6
44027,44029,2
44029,44041,12
44041,44053,12
44053,44059,6
44059,44071,12
44071,44087,16
44087,44089,2
44089,44101,12
44101,44111,10
44111,44119,8
44119,44123,4
44123,44129,6
44129,44131,2
44131,44159,28
44159,44171,12
44171,44179,8
44179,44189,10
44189,44201,12
44201,44203,2
44203,44207,4
44207,44221,14
44221,44249,28
44249,44257,8
44257,44263,6
44263,44267,4
44267,44269,2
44269,44273,4
44273,44279,6
44279,44281,2
44281,44293,12
44293,44351,58
44351,44357,6
44357,44371,14
44371,44381,10
44381,44383,2
44383,44389,6
44389,44417,28
44417,44449,32
44449,44453,4
44453,44483,30
44483,44491,8
44491,44497,6
44497,44501,4
44501,44507,6
44507,44519,12
44519,44531,12
44531,44533,2
44533,44537,4
44537,44543,6
44543,44549,6
44549,44563,14
44563,44579,16
44579,44587,8
44587,44617,30
44617,44621,4
44621,44623,2
44623,44633,10
44633,44641,8
44641,44647,6
44647,44651,4
44651,44657,6
44657,44683,26
44683,44687,4
44687,44699,12
44699,44701,2
44701,44711,10
44711,44729,18
44729,44741,12
44741,44753,12
44753,44771,18
44771,44773,2
44773,44777,4
44777,44789,12
44789,44797,8
44797,44809,12
44809,44819,10
44819,44839,20
44839,44843,4
44843,44851,8
44851,44867,16
44867,44879,12
44879,44887,8
44887,44893,6
44893,44909,16
44909,44917,8
44917,44927,10
44927,44939,12
44939,44953,14
44953,44959,6
44959,44963,4
44963,44971,8
44971,44983,12
44983,44987,4
44987,45007,20
45007,45013,6
45013,45053,40
45053,45061,8
45061,45077,16
45077,45083,6
45083,45119,36
45119,45121,2
45121,45127,6
45127,45131,4
45131,45137,6
45137,45139,2
45139,45161,22
45161,45179,18
45179,45181,2
45181,45191,10
45191,45197,6
45197,45233,36
45233,45247,14
45247,45259,12
45259,45263,4
45263,45281,18
45281,45289,8
45289,45293,4
45293,45307,14
45307,45317,10
45317,45319,2
45319,45329,10
45329,45337,8
45337,45341,4
45341,45343,2
45343,45361,18
45361,45377,16
45377,45389,12
45389,45403,14
45403,45413,10
45413,45427,14
45427,45433,6
45433,45439,6
45439,45481,42
45481,45491,10
45491,45497,6
45497,45503,6
45503,45523,20
45523,45533,10
45533,45541,8
45541,45553,12
45553,45557,4
45557,45569,12
45569,45587,18
45587,45589,2
45589,45599,10
45599,45613,14
45613,45631,18
45631,45641,10
45641,45659,18
45659,45667,8
45667,45673,6
45673,45677,4
45677,45691,14
45691,45697,6
45697,45707,10
45707,45737,30
45737,45751,14
45751,45757,6
45757,45763,6
45763,45767,4
45767,45779,12
45779,45817,38
45817,45821,4
45821,45823,2
45823,45827,4
45827,45833,6
45833,45841,8
45841,45853,12
45853,45863,10
45863,45869,6
45869,45887,18
45887,45893,6
45893,45943,50
45943,45949,6
45949,45953,4
45953,45959,6
45959,45971,12
45971,45979,8
45979,45989,10
45989,46021,32
46021,46027,6
46027,46049,22
46049,46051,2
46051,46061,10
46061,46073,12
46073,46091,18
46091,46093,2
46093,46099,6
46099,46103,4
46103,46133,30
46133,46141,8
46141,46147,6
46147,46153,6
46153,46171,18
46171,46181,10
46181,46183,2
46183,46187,4
46187,46199,12
46199,46219,20
46219,46229,10
46229,46237,8
46237,46261,24
46261,46271,10
46271,46273,2
46273,46279,6
46279,46301,22
46301,46307,6
46307,46309,2
46309,46327,18
46327,46337,10
46337,46349,12
46349,46351,2
46351,46381,30
46381,46399,18
46399,46411,12
46411,46439,28
46439,46441,2
46441,46447,6
46447,46451,4
46451,46457,6
46457,46471,14
46471,46477,6
46477,46489,12
46489,46499,10
46499,46507,8
46507,46511,4
46511,46523,12
46523,46549,26
46549,46559,10
46559,46567,8
46567,46573,6
46573,46589,16
46589,46591,2
46591,46601,10
46601,46619,18
46619,46633,14
46633,46639,6
46639,46643,4
46643,46649,6
46649,46663,14
46663,46679,16
46679,46681,2
46681,46687,6
46687,46691,4
46691,46703,12
46703,46723,20
46723,46727,4
46727,46747,20
46747,46751,4
46751,46757,6
46757,46769,12
46769,46771,2
46771,46807,36
46807,46811,4
46811,46817,6
46817,46819,2
46819,46829,10
46829,46831,2
46831,46853,22
46853,46861,8
46861,46867,6
46867,46877,10
46877,46889,12
46889,46901,12
46901,46919,18
46919,46933,14
46933,46957,24
46957,46993,36
46993,46997,4
46997,47017,20
47017,47041,24
47041,47051,10
47051,47057,6
47057,47059,2
47059,47087,28
47087,47093,6
47093,47111,18
47111,47119,8
47119,47123,4
47123,47129,6
47129,47137,8
47137,47143,6
47143,47147,4
47147,47149,2
47149,47161,12
47161,47189,28
47189,47207,18
47207,47221,14
47221,47237,16
47237,47251,14
47251,47269,18
47269,47279,10
47279,47287,8
47287,47293,6
47293,47297,4
47297,47303,6
47303,47309,6
47309,47317,8
47317,47339,22
47339,47351,12
47351,47353,2
47353,47363,10
47363,47381,18
47381,47387,6
47387,47389,2
47389,47407,18
47407,47417,10
47417,47419,2
47419,47431,12
47431,47441,10
47441,47459,18
47459,47491,32
47491,47497,6
47497,47501,4
47501,47507,6
47507,47513,6
47513,47521,8
47521,47527,6
47527,47533,6
47533,47543,10
47543,47563,20
47563,47569,6
47569,47581,12
47581,47591,10
47591,47599,8
47599,47609,10
47609,47623,14
47623,47629,6
47629,47639,10
47639,47653,14
47653,47657,4
47657,47659,2
47659,47681,22
47681,47699,18
47699,47701,2
47701,47711,10
47711,47713,2
47713,47717,4
47717,47737,20
47737,47741,4
47741,47743,2
47743,47777,34
47777,47779,2
47779,47791,12
47791,47797,6
47797,47807,10
47807,47809,2
47809,47819,10
47819,47837,18
47837,47843,6
47843,47857,14
47857,47869,12
47869,47881,12
47881,47903,22
47903,47911,8
47911,47917,6
47917,47933,16
47933,47939,6
47939,47947,8
47947,47951,4
47951,47963,12
47963,47969,6
47969,47977,8
47977,47981,4
47981,48017,36
48017,48023,6
48023,48029,6
48029,48049,20
48049,48073,24
48073,48079,6
48079,48091,12
48091,48109,18
48109,48119,10
48119,48121,2
48121,48131,10
48131,48157,26
48157,48163,6
48163,48179,16
48179,48187,8
48187,48193,6
48193,48197,4
48197,48221,24
48221,48239,18
48239,48247,8
48247,48259,12
48259,48271,12
48271,48281,10
48281,48299,18
48299,48311,12
48311,48313,2
48313,48337,24
48337,48341,4
48341,48353,12
48353,48371,18
48371,48383,12
48383,48397,14
48397,48407,10
48407,48409,2
48409,48413,4
48413,48437,24
48437,48449,12
48449,48463,14
48463,48473,10
48473,48479,6
48479,48481,2
48481,48487,6
48487,48491,4
48491,48497,6
48497,48523,26
48523,48527,4
48527,48533,6
48533,48539,6
48539,48541,2
48541,48563,22
48563,48571,8
48571,48589,18
48589,48593,4
48593,48611,18
48611,48619,8
48619,48623,4
48623,48647,24
48647,48649,2
48649,48661,12
48661,48673,12
48673,48677,4
48677,48679,2
48679,48731,52
48731,48733,2
48733,48751,18
48751,48757,6
48757,48761,4
48761,48767,6
48767,48779,12
48779,48781,2
48781,48787,6
48787,48799,12
48799,48809,10
48809,48817,8
48817,48821,4
48821,48823,2
48823,48847,24
48847,48857,10
48857,48859,2
48859,48869,10
48869,48871,2
48871,48883,12
48883,48889,6
48889,48907,18
48907,48947,40
48947,48953,6
48953,48973,20
48973,48989,16
48989,48991,2
48991,49003,12
49003,49009,6
49009,49019,10
49019,49031,12
49031,49033,2
49033,49037,4
49037,49043,6
49043,49057,14
49057,49069,12
49069,49081,12
49081,49103,22
49103,49109,6
49109,49117,8
49117,49121,4
49121,49123,2
49123,49139,16
49139,49157,18
49157,49169,12
49169,49171,2
49171,49177,6
49177,49193,16
49193,49199,6
49199,49201,2
49201,49207,6
49207,49211,4
49211,49223,12
49223,49253,30
49253,49261,8
49261,49277,16
49277,49279,2
49279,49297,18
49297,49307,10
49307,49331,24
49331,49333,2
49333,49339,6
49339,49363,24
49363,49367,4
49367,49369,2
49369,49391,22
49391,49393,2
49393,49409,16
49409,49411,2
49411,49417,6
49417,49429,12
49429,49433,4
49433,49451,18
49451,49459,8
49459,49463,4
49463,49477,14
49477,49481,4
49481,49499,18
49499,49523,24
49523,49529,6
49529,49531,2
49531,49537,6
49537,49547,10
49547,49549,2
49549,49559,10
49559,49597,38
49597,49603,6
49603,49613,10
49613,49627,14
49627,49633,6
49633,49639,6
49639,49663,24
49663,49667,4
49667,49669,2
49669,49681,12
49681,49697,16
49697,49711,14
49711,49727,16
49727,49739,12
49739,49741,2
49741,49747,6
49747,49757,10
49757,49783,26
49783,49787,4
49787,49789,2
49789,49801,12
49801,49807,6
49807,49811,4
49811,49823,12
49823,49831,8
49831,49843,12
49843,49853,10
49853,49871,18
49871,49877,6
49877,49891,14
49891,49919,28
49919,49921,2
49921,49927,6
49927,49937,10
49937,49939,2
49939,49943,4
49943,49957,14
49957,49991,34
49991,49993,2
49993,49999,6
49999,50021,22
50021,50023,2
50023,50033,10
50033,50047,14
50047,50051,4
50051,50053,2
50053,50069,16
50069,50077,8
50077,50087,10
50087,50093,6
50093,50101,8
50101,50111,10
50111,50119,8
50119,50123,4
50123,50129,6
50129,50131,2
50131,50147,16
50147,50153,6
50153,50159,6
50159,50177,18
50177,50207,30
50207,50221,14
50221,50227,6
50227,50231,4
50231,50261,30
50261,50263,2
50263,50273,10
50273,50287,14
50287,50291,4
50291,50311,20
50311,50321,10
50321,50329,8
50329,50333,4
50333,50341,8
50341,50359,18
50359,50363,4
50363,50377,14
50377,50383,6
50383,50387,4
50387,50411,24
50411,50417,6
50417,50423,6
50423,50441,18
50441,50459,18
50459,50461,2
50461,50497,36
50497,50503,6
50503,50513,10
50513,50527,14
50527,50539,12
50539,50543,4
50543,50549,6
50549,50551,2
50551,50581,30
50581,50587,6
50587,50591,4
50591,50593,2
50593,50599,6
50599,50627,28
50627,50647,20
50647,50651,4
50651,50671,20
50671,50683,12
50683,50707,24
50707,50723,16
50723,50741,18
50741,50753,12
50753,50767,14
50767,50773,6
50773,50777,4
50777,50789,12
50789,50821,32
50821,50833,12
50833,50839,6
50839,50849,10
50849,50857,8
50857,50867,10
50867,50873,6
50873,50891,18
50891,50893,2
50893,50909,16
50909,50923,14
50923,50929,6
50929,50951,22
50951,50957,6
50957,50969,12
50969,50971,2
50971,50989,18
50989,50993,4
50993,51001,8
51001,51031,30
51031,51043,12
51043,51047,4
51047,51059,12
51059,51061,2
51061,51071,10
51071,51109,38
51109,51131,22
51131,51133,2
51133,51137,4
51137,51151,14
51151,51157,6
51157,51169,12
51169,51193,24
51193,51197,4
51197,51199,2
51199,51203,4
51203,51217,14
51217,51229,12
51229,51239,10
51239,51241,2
51241,51257,16
51257,51263,6
51263,51283,20
51283,51287,4
51287,51307,20
51307,51329,22
51329,51341,12
51341,51343,2
51343,51347,4
51347,51349,2
51349,51361,12
51361,51383,22
51383,51407,24
51407,51413,6
51413,51419,6
51419,51421,2
51421,51427,6
51427,51431,4
51431,51437,6
51437,51439,2
51439,51449,10
51449,51461,12
51461,51473,12
51473,51479,6
51479,51481,2
51481,51487,6
51487,51503,16
51503,51511,8
51511,51517,6
51517,51521,4
51521,51539,18
51539,51551,12
51551,51563,12
51563,51577,14
51577,51581,4
51581,51593,12
51593,51599,6
51599,51607,8
51607,51613,6
51613,51631,18
51631,51637,6
51637,51647,10
51647,51659,12
51659,51673,14
51673,51679,6
51679,51683,4
51683,51691,8
51691,51713,22
51713,51719,6
51719,51721,2
51721,51749,28
51749,51767,18
51767,51769,2
51769,51787,18
51787,51797,10
51797,51803,6
51803,51817,14
51817,51827,10
51827,51829,2
51829,51839,10
51839,51853,14
51853,51859,6
51859,51869,10
51869,51871,2
51871,51893,22
51893,51899,6
51899,51907,8
51907,51913,6
51913,51929,16
51929,51941,12
51941,51949,8
51949,51971,22
51971,51973,2
51973,51977,4
51977,51991,14
51991,52009,18
52009,52021,12
52021,52027,6
52027,52051,24
52051,52057,6
52057,52067,10
52067,52069,2
52069,52081,12
52081,52103,22
52103,52121,18
52121,52127,6
52127,52147,20
52147,52153,6
52153,52163,10
52163,52177,14
52177,52181,4
52181,52183,2
52183,52189,6
52189,52201,12
52201,52223,22
52223,52237,14
52237,52249,12
52249,52253,4
52253,52259,6
52259,52267,8
52267,52289,22
52289,52291,2
52291,52301,10
52301,52313,12
52313,52321,8
52321,52361,40
52361,52363,2
52363,52369,6
52369,52379,10
52379,52387,8
52387,52391,4
52391,52433,42
52433,52453,20
52453,52457,4
52457,52489,32
52489,52501,12
52501,52511,10
52511,52517,6
52517,52529,12
52529,52541,12
52541,52543,2
52543,52553,10
52553,52561,8
52561,52567,6
52567,52571,4
52571,52579,8
52579,52583,4
52583,52609,26
52609,52627,18
52627,52631,4
52631,52639,8
52639,52667,28
52667,52673,6
52673,52691,18
52691,52697,6
52697,52709,12
52709,52711,2
52711,52721,10
52721,52727,6
52727,52733,6
52733,52747,14
52747,52757,10
52757,52769,12
52769,52783,14
52783,52807,24
52807,52813,6
52813,52817,4
52817,52837,20
52837,52859,22
52859,52861,2
52861,52879,18
52879,52883,4
52883,52889,6
52889,52901,12
52901,52903,2
52903,52919,16
52919,52937,18
52937,52951,14
52951,52957,6
52957,52963,6
52963,52967,4
52967,52973,6
52973,52981,8
52981,52999,18
52999,53003,4
53003,53017,14
53017,53047,30
53047,53051,4
53051,53069,18
53069,53077,8
53077,53087,10
53087,53089,2
53089,53093,4
53093,53101,8
53101,53113,12
53113,53117,4
53117,53129,12
53129,53147,18
53147,53149,2
53149,53161,12
53161,53171,10
53171,53173,2
53173,53189,16
53189,53197,8
53197,53201,4
53201,53231,30
53231,53233,2
53233,53239,6
53239,53267,28
53267,53269,2
53269,53279,10
53279,53281,2
53281,53299,18
53299,53309,10
53309,53323,14
53323,53327,4
53327,53353,26
53353,53359,6
53359,53377,18
53377,53381,4
53381,53401,20
53401,53407,6
53407,53411,4
53411,53419,8
53419,53437,18
53437,53441,4
53441,53453,12
53453,53479,26
53479,53503,24
53503,53507,4
53507,53527,20
53527,53549,22
53549,53551,2
53551,53569,18
53569,53591,22
53591,53593,2
53593,53597,4
53597,53609,12
53609,53611,2
53611,53617,6
53617,53623,6
53623,53629,6
53629,53633,4
53633,53639,6
53639,53653,14
53653,53657,4
53657,53681,24
53681,53693,12
53693,53699,6
53699,53717,18
53717,53719,2
53719,53731,12
53731,53759,28
53759,53773,14
53773,53777,4
53777,53783,6
53783,53791,8
53791,53813,22
53813,53819,6
53819,53831,12
53831,53849,18
53849,53857,8
53857,53861,4
53861,53881,20
53881,53887,6
53887,53891,4
53891,53897,6
53897,53899,2
53899,53917,18
53917,53923,6
53923,53927,4
53927,53939,12
53939,53951,12
53951,53959,8
53959,53987,28
53987,53993,6
53993,54001,8
54001,54011,10
54011,54013,2
54013,54037,24
54037,54049,12
54049,54059,10
54059,54083,24
54083,54091,8
54091,54101,10
54101,54121,20
54121,54133,12
54133,54139,6
54139,54151,12
54151,54163,12
54163,54167,4
54167,54181,14
54181,54193,12
54193,54217,24
54217,54251,34
54251,54269,18
54269,54277,8
54277,54287,10
54287,54293,6
54293,54311,18
54311,54319,8
54319,54323,4
54323,54331,8
54331,54347,16
54347,54361,14
54361,54367,6
54367,54371,4
54371,54377,6
54377,54401,24
54401,54403,2
54403,54409,6
54409,54413,4
54413,54419,6
54419,54421,2
54421,54437,16
54437,54443,6
54443,54449,6
54449,54469,20
54469,54493,24
54493,54497,4
54497,54499,2
54499,54503,4
54503,54517,14
54517,54521,4
54521,54539,18
54539,54541,2
54541,54547,6
54547,54559,12
54559,54563,4
54563,54577,14
54577,54581,4
54581,54583,2
54583,54601,18
54601,54617,16
54617,54623,6
54623,54629,6
54629,54631,2
54631,54647,16
54647,54667,20
54667,54673,6
54673,54679,6
54679,54709,30
54709,54713,4
54713,54721,8
54721,54727,6
54727,54751,24
54751,54767,16
54767,54773,6
54773,54779,6
54779,54787,8
54787,54799,12
54799,54829,30
54829,54833,4
54833,54851,18
54851,54869,18
54869,54877,8
54877,54881,4
54881,54907,26
54907,54917,10
54917,54919,2
54919,54941,22
54941,54949,8
54949,54959,10
54959,54973,14
54973,54979,6
54979,54983,4
54983,55001,18
55001,55009,8
55009,55021,12
55021,55049,28
55049,55051,2
55051,55057,6
55057,55061,4
55061,55073,12
55073,55079,6
55079,55103,24
55103,55109,6
55109,55117,8
55117,55127,10
55127,55147,20
55147,55163,16
55163,55171,8
55171,55201,30
55201,55207,6
55207,55213,6
55213,55217,4
55217,55219,2
55219,55229,10
55229,55243,14
55243,55249,6
55249,55259,10
55259,55291,32
55291,55313,22
55313,55331,18
55331,55333,2
55333,55337,4
55337,55339,2
55339,55343,4
55343,55351,8
55351,55373,22
55373,55381,8
55381,55399,18
55399,55411,12
55411,55439,28
55439,55441,2
55441,55457,16
55457,55469,12
55469,55487,18
55487,55501,14
55501,55511,10
55511,55529,18
55529,55541,12
55541,55547,6
55547,55579,32
55579,55589,10
55589,55603,14
55603,55609,6
55609,55619,10
55619,55621,2
55621,55631,10
55631,55633,2
55633,55639,6
55639,55661,22
55661,55663,2
55663,55667,4
55667,55673,6
55673,55681,8
55681,55691,10
55691,55697,6
55697,55711,14
55711,55717,6
55717,55721,4
55721,55733,12
55733,55763,30
55763,55787,24
55787,55793,6
55793,55799,6
55799,55807,8
55807,55813,6
55813,55817,4
55817,55819,2
55819,55823,4
55823,55829,6
55829,55837,8
55837,55843,6
55843,55849,6
55849,55871,22
55871,55889,18
55889,55897,8
55897,55901,4
55901,55903,2
55903,55921,18
55921,55927,6
55927,55931,4
55931,55933,2
55933,55949,16
55949,55967,18
55967,55987,20
55987,55997,10
55997,56003,6
56003,56009,6
56009,56039,30
56039,56041,2
56041,56053,12
56053,56081,28
56081,56087,6
56087,56093,6
56093,56099,6
56099,56101,2
56101,56113,12
56113,56123,10
56123,56131,8
56131,56149,18
56149,56167,18
56167,56171,4
56171,56179,8
56179,56197,18
56197,56207,10
56207,56209,2
56209,56237,28
56237,56239,2
56239,56249,10
56249,56263,14
56263,56267,4
56267,56269,2
56269,56299,30
56299,56311,12
56311,56333,22
56333,56359,26
56359,56369,10
56369,56377,8
56377,56383,6
56383,56393,10
56393,56401,8
56401,56417,16
56417,56431,14
56431,56437,6
56437,56443,6
56443,56453,10
56453,56467,14
56467,56473,6
56473,56477,4
56477,56479,2
56479,56489,10
56489,56501,12
56501,56503,2
56503,56509,6
56509,56519,10
56519,56527,8
56527,56531,4
56531,56533,2
56533,56543,10
56543,56569,26
56569,56591,22
56591,56597,6
56597,56599,2
56599,56611,12
56611,56629,18
56629,56633,4
56633,56659,26
56659,56663,4
56663,56671,8
56671,56681,10
56681,56687,6
56687,56701,14
56701,56711,10
56711,56713,2
56713,56731,18
56731,56737,6
56737,56747,10
56747,56767,20
56767,56773,6
56773,56779,6
56779,56783,4
56783,56807,24
56807,56809,2
56809,56813,4
56813,56821,8
56821,56827,6
56827,56843,16
56843,56857,14
56857,56873,16
56873,56891,18
56891,56893,2
56893,56897,4
56897,56909,12
56909,56911,2
56911,56921,10
56921,56923,2
56923,56929,6
56929,56941,12
56941,56951,10
56951,56957,6
56957,56963,6
56963,56983,20
56983,56989,6
56989,56993,4
56993,56999,6
56999,57037,38
57037,57041,4
57041,57047,6
57047,57059,12
57059,57073,14
57073,57077,4
57077,57089,12
57089,57097,8
57097,57107,10
57107,57119,12
57119,57131,12
57131,57139,8
57139,57143,4
57143,57149,6
57149,57163,14
57163,57173,10
57173,57179,6
57179,57191,12
57191,57193,2
57193,57203,10
57203,57221,18
57221,57223,2
57223,57241,18
57241,57251,10
57251,57259,8
57259,57269,10
57269,57271,2
57271,57283,12
57283,57287,4
57287,57301,14
57301,57329,28
57329,57331,2
57331,57347,16
57347,57349,2
57349,57367,18
57367,57373,6
57373,57383,10
57383,57389,6
57389,57397,8
57397,57413,16
57413,57427,14
57427,57457,30
57457,57467,10
57467,57487,20
57487,57493,6
57493,57503,10
57503,57527,24
57527,57529,2
57529,57557,28
57557,57559,2
57559,57571,12
57571,57587,16
57587,57593,6
57593,57601,8
57601,57637,36
57637,57641,4
57641,57649,8
57649,57653,4
57653,57667,14
57667,57679,12
57679,57689,10
57689,57697,8
57697,57709,12
57709,57713,4
57713,57719,6
57719,57727,8
57727,57731,4
57731,57737,6
57737,57751,14
57751,57773,22
57773,57781,8
57781,57787,6
57787,57791,4
57791,57793,2
57793,57803,10
57803,57809,6
57809,57829,20
57829,57839,10
57839,57847,8
57847,57853,6
57853,57859,6
57859,57881,22
57881,57899,18
57899,57901,2
57901,57917,16
57917,57923,6
57923,57943,20
57943,57947,4
57947,57973,26
57973,57977,4
57977,57991,14
57991,58013,22
58013,58027,14
58027,58031,4
58031,58043,12
58043,58049,6
58049,58057,8
58057,58061,4
58061,58067,6
58067,58073,6
58073,58099,26
58099,58109,10
58109,58111,2
58111,58129,18
58129,58147,18
58147,58151,4
58151,58153,2
58153,58169,16
58169,58171,2
58171,58189,18
58189,58193,4
58193,58199,6
58199,58207,8
58207,58211,4
58211,58217,6
58217,58229,12
58229,58231,2
58231,58237,6
58237,58243,6
58243,58271,28
58271,58309,38
58309,58313,4
58313,58321,8
58321,58337,16
58337,58363,26
58363,58367,4
58367,58369,2
58369,58379,10
58379,58391,12
58391,58393,2
58393,58403,10
58403,58411,8
58411,58417,6
58417,58427,10
58427,58439,12
58439,58441,2
58441,58451,10
58451,58453,2
58453,58477,24
58477,58481,4
58481,58511,30
58511,58537,26
58537,58543,6
58543,58549,6
58549,58567,18
58567,58573,6
58573,58579,6
58579,58601,22
58601,58603,2
58603,58613,10
58613,58631,18
58631,58657,26
58657,58661,4
58661,58679,18
58679,58687,8
58687,58693,6
58693,58699,6
58699,58711,12
58711,58727,16
58727,58733,6
58733,58741,8
58741,58757,16
58757,58763,6
58763,58771,8
58771,58787,16
58787,58789,2
58789,58831,42
58831,58889,58
58889,58897,8
58897,58901,4
58901,58907,6
58907,58909,2
58909,58913,4
58913,58921,8
58921,58937,16
58937,58943,6
58943,58963,20
58963,58967,4
58967,58979,12
58979,58991,12
58991,58997,6
58997,59009,12
59009,59011,2
59011,59021,10
59021,59023,2
59023,59029,6
59029,59051,22
59051,59053,2
59053,59063,10
59063,59069,6
59069,59077,8
59077,59083,6
59083,59093,10
59093,59107,14
59107,59113,6
59113,59119,6
59119,59123,4
59123,59141,18
59141,59149,8
59149,59159,10
59159,59167,8
59167,59183,16
59183,59197,14
59197,59207,10
59207,59209,2
59209,59219,10
59219,59221,2
59221,59233,12
59233,59239,6
59239,59243,4
59243,59263,20
59263,59273,10
59273,59281,8
59281,59333,52
59333,59341,8
59341,59351,10
59351,59357,6
59357,59359,2
59359,59369,10
59369,59377,8
59377,59387,10
59387,59393,6
59393,59399,6
59399,59407,8
59407,59417,10
59417,59419,2
59419,59441,22
59441,59443,2
59443,59447,4
59447,59453,6
59453,59467,14
59467,59471,4
59471,59473,2
59473,59497,24
59497,59509,12
59509,59513,4
59513,59539,26
59539,59557,18
59557,59561,4
59561,59567,6
59567,59581,14
59581,59611,30
59611,59617,6
59617,59621,4
59621,59627,6
59627,59629,2
59629,59651,22
59651,59659,8
59659,59663,4
59663,59669,6
59669,59671,2
59671,59693,22
59693,59699,6
59699,59707,8
59707,59723,16
59723,59729,6
59729,59743,14
59743,59747,4
59747,59753,6
59753,59771,18
59771,59779,8
59779,59791,12
59791,59797,6
59797,59809,12
59809,59833,24
59833,59863,30
59863,59879,16
59879,59887,8
59887,59921,34
59921,59929,8
59929,59951,22
59951,59957,6
59957,59971,14
59971,59981,10
59981,59999,18
59999,60013,14
60013,60017,4
60017,60029,12
60029,60037,8
60037,60041,4
60041,60077,36
60077,60083,6
60083,60089,6
60089,60091,2
60091,60101,10
60101,60103,2
60103,60107,4
60107,60127,20
60127,60133,6
60133,60139,6
60139,60149,10
60149,60161,12
60161,60167,6
60167,60169,2
60169,60209,40
60209,60217,8
60217,60223,6
60223,60251,28
60251,60257,6
60257,60259,2
60259,60271,12
60271,60289,18
60289,60293,4
60293,60317,24
60317,60331,14
60331,60337,6
60337,60343,6
60343,60353,10
60353,60373,20
60373,60383,10
60383,60397,14
60397,60413,16
60413,60427,14
60427,60443,16
60443,60449,6
60449,60457,8
60457,60493,36
60493,60497,4
60497,60509,12
60509,60521,12
60521,60527,6
60527,60539,12
60539,60589,50
60589,60601,12
60601,60607,6
60607,60611,4
60611,60617,6
60617,60623,6
60623,60631,8
60631,60637,6
60637,60647,10
60647,60649,2
60649,60659,10
60659,60661,2
60661,60679,18
60679,60689,10
60689,60703,14
60703,60719,16
60719,60727,8
60727,60733,6
60733,60737,4
60737,60757,20
60757,60761,4
60761,60763,2
60763,60773,10
60773,60779,6
60779,60793,14
60793,60811,18
60811,60821,10
60821,60859,38
60859,60869,10
60869,60887,18
60887,60889,2
60889,60899,10
60899,60901,2
60901,60913,12
60913,60917,4
60917,60919,2
60919,60923,4
60923,60937,14
60937,60943,6
60943,60953,10
60953,60961,8
60961,61001,40
61001,61007,6
61007,61027,20
61027,61031,4
61031,61043,12
61043,61051,8
61051,61057,6
61057,61091,34
61091,61099,8
61099,61121,22
61121,61129,8
61129,61141,12
61141,61151,10
61151,61153,2
61153,61169,16
61169,61211,42
61211,61223,12
61223,61231,8
61231,61253,22
61253,61261,8
61261,61283,22
61283,61291,8
61291,61297,6
61297,61331,34
61331,61333,2
61333,61339,6
61339,61343,4
61343,61357,14
61357,61363,6
61363,61379,16
61379,61381,2
61381,61403,22
61403,61409,6
61409,61417,8
61417,61441,24
61441,61463,22
61463,61469,6
61469,61471,2
61471,61483,12
61483,61487,4
61487,61493,6
61493,61507,14
61507,61511,4
61511,61519,8
61519,61543,24
61543,61547,4
61547,61553,6
61553,61559,6
61559,61561,2
61561,61583,22
61583,61603,20
61603,61609,6
61609,61613,4
61613,61627,14
61627,61631,4
61631,61637,6
61637,61643,6
61643,61651,8
61651,61657,6
61657,61667,10
61667,61673,6
61673,61681,8
61681,61687,6
61687,61703,16
61703,61717,14
61717,61723,6
61723,61729,6
61729,61751,22
61751,61757,6
61757,61781,24
61781,61813,32
61813,61819,6
61819,61837,18
61837,61843,6
61843,61861,18
61861,61871,10
61871,61879,8
61879,61909,30
61909,61927,18
61927,61933,6
61933,61949,16
61949,61961,12
61961,61967,6
61967,61979,12
61979,61981,2
61981,61987,6
61987,61991,4
61991,62003,12
62003,62011,8
62011,62017,6
62017,62039,22
62039,62047,8
62047,62053,6
62053,62057,4
62057,62071,14
62071,62081,10
62081,62099,18
62099,62119,20
62119,62129,10
62129,62131,2
62131,62137,6
62137,62141,4
62141,62143,2
62143,62171,28
62171,62189,18
62189,62191,2
62191,62201,10
62201,62207,6
62207,62213,6
62213,62219,6
62219,62233,14
62233,62273,40
62273,62297,24
62297,62299,2
62299,62303,4
62303,62311,8
62311,62323,12
62323,62327,4
62327,62347,20
62347,62351,4
62351,62383,32
62383,62401,18
62401,62417,16
62417,62423,6
62423,62459,36
62459,62467,8
62467,62473,6
62473,62477,4
62477,62483,6
62483,62497,14
62497,62501,4
62501,62507,6
62507,62533,26
62533,62539,6
62539,62549,10
62549,62563,14
62563,62581,18
62581,62591,10
62591,62597,6
62597,62603,6
62603,62617,14
62617,62627,10
62627,62633,6
62633,62639,6
62639,62653,14
62653,62659,6
62659,62683,24
62683,62687,4
62687,62701,14
62701,62723,22
62723,62731,8
62731,62743,12
62743,62753,10
62753,62761,8
62761,62773,12
62773,62791,18
62791,62801,10
62801,62819,18
62819,62827,8
62827,62851,24
62851,62861,10
62861,62869,8
62869,62873,4
62873,62897,24
62897,62903,6
62903,62921,18
62921,62927,6
62927,62929,2
62929,62939,10
62939,62969,30
62969,62971,2
62971,62981,10
62981,62983,2
62983,62987,4
62987,62989,2
62989,63029,40
63029,63031,2
63031,63059,28
63059,63067,8
63067,63073,6
63073,63079,6
63079,63097,18
63097,63103,6
63103,63113,10
63113,63127,14
63127,63131,4
63131,63149,18
63149,63179,30
63179,63197,18
63197,63199,2
63199,63211,12
63211,63241,30
63241,63247,6
63247,63277,30
63277,63281,4
63281,63299,18
63299,63311,12
63311,63313,2
63313,63317,4
63317,63331,14
63331,63337,6
63337,63347,10
63347,63353,6
63353,63361,8
63361,63367,6
63367,63377,10
63377,63389,12
63389,63391,2
63391,63397,6
63397,63409,12
63409,63419,10
63419,63421,2
63421,63439,18
63439,63443,4
63443,63463,20
63463,63467,4
63467,63473,6
63473,63487,14
63487,63493,6
63493,63499,6
63499,63521,22
63521,63527,6
63527,63533,6
63533,63541,8
63541,63559,18
63559,63577,18
63577,63587,10
63587,63589,2
63589,63599,10
63599,63601,2
63601,63607,6
63607,63611,4
63611,63617,6
63617,63629,12
63629,63647,18
63647,63649,2
63649,63659,10
63659,63667,8
63667,63671,4
63671,63689,18
63689,63691,2
63691,63697,6
63697,63703,6
63703,63709,6
63709,63719,10
63719,63727,8
63727,63737,10
63737,63743,6
63743,63761,18
63761,63773,12
63773,63781,8
63781,63793,12
63793,63799,6
63799,63803,4
63803,63809,6
63809,63823,14
63823,63839,16
63839,63841,2
63841,63853,12
63853,63857,4
63857,63863,6
63863,63901,38
63901,63907,6
63907,63913,6
63913,63929,16
63929,63949,20
63949,63977,28
63977,63997,20
63997,64007,10
64007,64013,6
64013,64019,6
64019,64033,14
64033,64037,4
64037,64063,26
64063,64067,4
64067,64081,14
64081,64091,10
64091,64109,18
64109,64123,14
64123,64151,28
64151,64153,2
64153,64157,4
64157,64171,14
64171,64187,16
64187,64189,2
64189,64217,28
64217,64223,6
64223,64231,8
64231,64237,6
64237,64271,34
64271,64279,8
64279,64283,4
64283,64301,18
64301,64303,2
64303,64319,16
64319,64327,8
64327,64333,6
64333,64373,40
64373,64381,8
64381,64399,18
64399,64403,4
64403,64433,30
64433,64439,6
64439,64451,12
64451,64453,2
64453,64483,30
64483,64489,6
64489,64499,10
64499,64513,14
64513,64553,40
64553,64567,14
64567,64577,10
64577,64579,2
64579,64591,12
64591,64601,10
64601,64609,8
64609,64613,4
64613,64621,8
64621,64627,6
64627,64633,6
64633,64661,28
64661,64663,2
64663,64667,4
64667,64679,12
64679,64693,14
64693,64709,16
64709,64717,8
64717,64747,30
64747,64763,16
64763,64781,18
64781,64783,2
64783,64793,10
64793,64811,18
64811,64817,6
64817,64849,32
64849,64853,4
64853,64871,18
64871,64877,6
64877,64879,2
64879,64891,12
64891,64901,10
64901,64919,18
64919,64921,2
64921,64927,6
64927,64937,10
64937,64951,14
64951,64969,18
64969,64997,28
64997,65003,6
65003,65011,8
65011,65027,16
65027,65029,2
65029,65033,4
65033,65053,20
65053,65063,10
65063,65071,8
65071,65089,18
65089,65099,10
65099,65101,2
65101,65111,10
65111,65119,8
65119,65123,4
65123,65129,6
65129,65141,12
65141,65147,6
65147,65167,20
65167,65171,4
65171,65173,2
65173,65179,6
65179,65183,4
65183,65203,20
65203,65213,10
65213,65239,26
65239,65257,18
65257,65267,10
65267,65269,2
65269,65287,18
65287,65293,6
65293,65309,16
65309,65323,14
65323,65327,4
65327,65353,26
65353,65357,4
65357,65371,14
65371,65381,10
65381,65393,12
65393,65407,14
65407,65413,6
65413,65419,6
65419,65423,4
65423,65437,14
65437,65447,10
65447,65449,2
65449,65479,30
65479,65497,18
65497,65519,22
65519,65521,2
65521,65537,16
65537,65539,2
65539,65543,4
65543,65551,8
65551,65557,6
65557,65563,6
65563,65579,16
65579,65581,2
65581,65587,6
65587,65599,12
65599,65609,10
65609,65617,8
65617,65629,12
65629,65633,4
65633,65647,14
65647,65651,4
65651,65657,6
65657,65677,20
65677,65687,10
65687,65699,12
65699,65701,2
65701,65707,6
65707,65713,6
65713,65717,4
65717,65719,2
65719,65729,10
65729,65731,2
65731,65761,30
65761,65777,16
65777,65789,12
65789,65809,20
65809,65827,18
65827,65831,4
65831,65837,6
65837,65839,2
65839,65843,4
65843,65851,8
65851,65867,16
65867,65881,14
65881,65899,18
65899,65921,22
65921,65927,6
65927,65929,2
65929,65951,22
65951,65957,6
65957,65963,6
65963,65981,18
65981,65983,2
65983,65993,10
65993,66029,36
66029,66037,8
66037,66041,4
66041,66047,6
66047,66067,20
66067,66071,4
66071,66083,12
66083,66089,6
66089,66103,14
66103,66107,4
66107,66109,2
66109,66137,28
66137,66161,24
66161,66169,8
66169,66173,4
66173,66179,6
66179,66191,12
66191,66221,30
66221,66239,18
66239,66271,32
66271,66293,22
66293,66301,8
66301,66337,36
66337,66343,6
66343,66347,4
66347,66359,12
66359,66361,2
66361,66373,12
66373,66377,4
66377,66383,6
66383,66403,20
66403,66413,10
66413,66431,18
66431,66449,18
66449,66457,8
66457,66463,6
66463,66467,4
66467,66491,24
66491,66499,8
66499,66509,10
66509,66523,14
66523,66529,6
66529,66533,4
66533,66541,8
66541,66553,12
66553,66569,16
66569,66571,2
66571,66587,16
66587,66593,6
66593,66601,8
66601,66617,16
66617,66629,12
66629,66643,14
66643,66653,10
66653,66683,30
66683,66697,14
66697,66701,4
66701,66713,12
66713,66721,8
66721,66733,12
66733,66739,6
66739,66749,10
66749,66751,2
66751,66763,12
66763,66791,28
66791,66797,6
66797,66809,12
66809,66821,12
66821,66841,20
66841,66851,10
66851,66853,2
66853,66863,10
66863,66877,14
66877,66883,6
66883,66889,6
66889,66919,30
66919,66923,4
66923,66931,8
66931,66943,12
66943,66947,4
66947,66949,2
66949,66959,10
66959,66973,14
66973,66977,4
66977,67003,26
67003,67021,18
67021,67033,12
67033,67043,10
67043,67049,6
67049,67057,8
67057,67061,4
67061,67073,12
67073,67079,6
67079,67103,24
67103,67121,18
67121,67129,8
67129,67139,10
67139,67141,2
67141,67153,12
67153,67157,4
67157,67169,12
67169,67181,12
67181,67187,6
67187,67189,2
67189,67211,22
67211,67213,2
67213,67217,4
67217,67219,2
67219,67231,12
67231,67247,16
67247,67261,14
67261,67271,10
67271,67273,2
67273,67289,16
67289,67307,18
67307,67339,32
67339,67343,4
67343,67349,6
67349,67369,20
67369,67391,22
67391,67399,8
67399,67409,10
67409,67411,2
67411,67421,10
67421,67427,6
67427,67429,2
67429,67433,4
67433,67447,14
67447,67453,6
67453,67477,24
67477,67481,4
67481,67489,8
67489,67493,4
67493,67499,6
67499,67511,12
67511,67523,12
67523,67531,8
67531,67537,6
67537,67547,10
67547,67559,12
67559,67567,8
67567,67577,10
67577,67579,2
67579,67589,10
67589,67601,12
67601,67607,6
67607,67619,12
67619,67631,12
67631,67651,20
67651,67679,28
67679,67699,20
67699,67709,10
67709,67723,14
67723,67733,10
67733,67741,8
67741,67751,10
67751,67757,6
67757,67759,2
67759,67763,4
67763,67777,14
67777,67783,6
67783,67789,6
67789,67801,12
67801,67807,6
67807,67819,12
67819,67829,10
67829,67843,14
67843,67853,10
67853,67867,14
67867,67883,16
67883,67891,8
67891,67901,10
67901,67927,26
67927,67931,4
67931,67933,2
67933,67939,6
67939,67943,4
67943,67957,14
67957,67961,4
67961,67967,6
67967,67979,12
67979,67987,8
67987,67993,6
67993,68023,30
68023,68041,18
68041,68053,12
68053,68059,6
68059,68071,12
68071,68087,16
68087,68099,12
68099,68111,12
68111,68113,2
68113,68141,28
68141,68147,6
68147,68161,14
68161,68171,10
68171,68207,36
68207,68209,2
68209,68213,4
68213,68219,6
68219,68227,8
68227,68239,12
68239,68261,22
68261,68279,18
68279,68281,2
68281,68311,30
68311,68329,18
68329,68351,22
68351,68371,20
68371,68389,18
68389,68399,10
68399,68437,38
68437,68443,6
68443,68447,4
68447,68449,2
68449,68473,24
68473,68477,4
68477,68483,6
68483,68489,6
68489,68491,2
68491,68501,10
68501,68507,6
68507,68521,14
68521,68531,10
68531,68539,8
68539,68543,4
68543,68567,24
68567,68581,14
68581,68597,16
68597,68611,14
68611,68633,22
68633,68639,6
68639,68659,20
68659,68669,10
68669,68683,14
68683,68687,4
68687,68699,12
68699,68711,12
68711,68713,2
68713,68729,16
68729,68737,8
68737,68743,6
68743,68749,6
68749,68767,18
68767,68771,4
68771,68777,6
68777,68791,14
68791,68813,22
68813,68819,6
68819,68821,2
68821,68863,42
68863,68879,16
68879,68881,2
68881,68891,10
68891,68897,6
68897,68899,2
68899,68903,4
68903,68909,6
68909,68917,8
68917,68927,10
68927,68947,20
68947,68963,16
68963,68993,30
68993,69001,8
69001,69011,10
69011,69019,8
69019,69029,10
69029,69031,2
69031,69061,30
69061,69067,6
69067,69073,6
69073,69109,36
69109,69119,10
69119,69127,8
69127,69143,16
69143,69149,6
69149,69151,2
69151,69163,12
69163,69191,28
69191,69193,2
69193,69197,4
69197,69203,6
69203,69221,18
69221,69233,12
69233,69239,6
69239,69247,8
69247,69257,10
69257,69259,2
69259,69263,4
69263,69313,50
69313,69317,4
69317,69337,20
69337,69341,4
69341,69371,30
69371,69379,8
69379,69383,4
69383,69389,6
69389,69401,12
69401,69403,2
69403,69427,24
69427,69431,4
69431,69439,8
69439,69457,18
69457,69463,6
69463,69467,4
69467,69473,6
69473,69481,8
69481,69491,10
69491,69493,2
69493,69497,4
69497,69499,2
69499,69539,40
69539,69557,18
69557,69593,36
69593,69623,30
69623,69653,30
69653,69661,8
69661,69677,16
69677,69691,14
69691,69697,6
69697,69709,12
69709,69737,28
69737,69739,2
69739,69761,22
69761,69763,2
69763,69767,4
69767,69779,12
69779,69809,30
69809,69821,12
69821,69827,6
69827,69829,2
69829,69833,4
69833,69847,14
69847,69857,10
69857,69859,2
69859,69877,18
69877,69899,22
69899,69911,12
69911,69929,18
69929,69931,2
69931,69941,10
69941,69959,18
69959,69991,32
69991,69997,6
69997,70001,4
70001,70003,2
70003,70009,6
70009,70019,10
70019,70039,20
70039,70051,12
70051,70061,10
70061,70067,6
70067,70079,12
70079,70099,20
70099,70111,12
70111,70117,6
70117,70121,4
70121,70123,2
70123,70139,16
70139,70141,2
70141,70157,16
70157,70163,6
70163,70177,14
70177,70181,4
70181,70183,2
70183,70199,16
70199,70201,2
70201,70207,6
70207,70223,16
70223,70229,6
70229,70237,8
70237,70241,4
70241,70249,8
70249,70271,22
70271,70289,18
70289,70297,8
70297,70309,12
70309,70313,4
70313,70321,8
70321,70327,6
70327,70351,24
70351,70373,22
70373,70379,6
70379,70381,2
70381,70393,12
70393,70423,30
70423,70429,6
70429,70439,10
70439,70451,12
70451,70457,6
70457,70459,2
70459,70481,22
70481,70487,6
70487,70489,2
70489,70501,12
70501,70507,6
70507,70529,22
70529,70537,8
70537,70549,12
70549,70571,22
70571,70573,2
70573,70583,10
70583,70589,6
70589,70607,18
70607,70619,12
70619,70621,2
70621,70627,6
70627,70639,12
70639,70657,18
70657,70663,6
70663,70667,4
70667,70687,20
70687,70709,22
70709,70717,8
70717,70729,12
70729,70753,24
70753,70769,16
70769,70783,14
70783,70793,10
70793,70823,30
70823,70841,18
70841,70843,2
70843,70849,6
70849,70853,4
70853,70867,14
70867,70877,10
70877,70879,2
70879,70891,12
70891,70901,10
70901,70913,12
70913,70919,6
70919,70921,2
70921,70937,16
70937,70949,12
70949,70951,2
70951,70957,6
70957,70969,12
70969,70979,10
70979,70981,2
70981,70991,10
70991,70997,6
70997,70999,2
70999,71011,12
71011,71023,12
71023,71039,16
71039,71059,20
71059,71069,10
71069,71081,12
71081,71089,8
71089,71119,30
71119,71129,10
71129,71143,14
71143,71147,4
71147,71153,6
71153,71161,8
71161,71167,6
71167,71171,4
71171,71191,20
71191,71209,18
71209,71233,24
71233,71237,4
71237,71249,12
71249,71257,8
71257,71261,4
71261,71263,2
71263,71287,24
71287,71293,6
71293,71317,24
71317,71327,10
71327,71329,2
71329,71333,4
71333,71339,6
71339,71341,2
71341,71347,6
71347,71353,6
71353,71359,6
71359,71363,4
71363,71387,24
71387,71389,2
71389,71399,10
71399,71411,12
71411,71413,2
71413,71419,6
71419,71429,10
71429,71437,8
71437,71443,6
71443,71453,10
71453,71471,18
71471,71473,2
71473,71479,6
71479,71483,4
71483,71503,20
71503,71527,24
71527,71537,10
71537,71549,12
71549,71551,2
71551,71563,12
71563,71569,6
71569,71593,24
71593,71597,4
71597,71633,36
71633,71647,14
71647,71663,16
71663,71671,8
71671,71693,22
71693,71699,6
71699,71707,8
71707,71711,4
71711,71713,2
71713,71719,6
71719,71741,22
71741,71761,20
71761,71777,16
71777,71789,12
71789,71807,18
71807,71809,2
71809,71821,12
71821,71837,16
71837,71843,6
71843,71849,6
71849,71861,12
71861,71867,6
71867,71879,12
71879,71881,2
71881,71887,6
71887,71899,12
71899,71909,10
71909,71917,8
71917,71933,16
71933,71941,8
71941,71947,6
71947,71963,16
71963,71971,8
71971,71983,12
71983,71987,4
71987,71993,6
71993,71999,6
71999,72019,20
72019,72031,12
72031,72043,12
72043,72047,4
72047,72053,6
72053,72073,20
72073,72077,4
72077,72089,12
72089,72091,2
72091,72101,10
72101,72103,2
72103,72109,6
72109,72139,30
72139,72161,22
72161,72167,6
72167,72169,2
72169,72173,4
72173,72211,38
72211,72221,10
72221,72223,2
72223,72227,4
72227,72229,2
72229,72251,22
72251,72253,2
72253,72269,16
72269,72271,2
72271,72277,6
72277,72287,10
72287,72307,20
72307,72313,6
72313,72337,24
72337,72341,4
72341,72353,12
72353,72367,14
72367,72379,12
72379,72383,4
72383,72421,38
72421,72431,10
72431,72461,30
72461,72467,6
72467,72469,2
72469,72481,12
72481,72493,12
72493,72497,4
72497,72503,6
72503,72533,30
72533,72547,14
72547,72551,4
72551,72559,8
72559,72577,18
72577,72613,36
72613,72617,4
72617,72623,6
72623,72643,20
72643,72647,4
72647,72649,2
72649,72661,12
72661,72671,10
72671,72673,2
72673,72679,6
72679,72689,10
72689,72701,12
72701,72707,6
72707,72719,12
72719,72727,8
72727,72733,6
72733,72739,6
72739,72763,24
72763,72767,4
72767,72797,30
72797,72817,20
72817,72823,6
72823,72859,36
72859,72869,10
72869,72871,2
72871,72883,12
72883,72889,6
72889,72893,4
72893,72901,8
72901,72907,6
72907,72911,4
72911,72923,12
72923,72931,8
72931,72937,6
72937,72949,12
72949,72953,4
72953,72959,6
72959,72973,14
72973,72977,4
72977,72997,20
72997,73009,12
73009,73013,4
73013,73019,6
73019,73037,18
73037,73039,2
73039,73043,4
73043,73061,18
73061,73063,2
73063,73079,16
73079,73091,12
73091,73121,30
73121,73127,6
73127,73133,6
73133,73141,8
73141,73181,40
73181,73189,8
73189,73237,48
73237,73243,6
73243,73259,16
73259,73277,18
73277,73291,14
73291,73303,12
73303,73309,6
73309,73327,18
73327,73331,4
73331,73351,20
73351,73361,10
73361,73363,2
73363,73369,6
73369,73379,10
73379,73387,8
73387,73417,30
73417,73421,4
73421,73433,12
73433,73453,20
73453,73459,6
73459,73471,12
73471,73477,6
73477,73483,6
73483,73517,34
73517,73523,6
73523,73529,6
73529,73547,18
73547,73553,6
73553,73561,8
73561,73571,10
73571,73583,12
73583,73589,6
73589,73597,8
73597,73607,10
73607,73609,2
73609,73613,4
73613,73637,24
73637,73643,6
73643,73651,8
73651,73673,22
73673,73679,6
73679,73681,2
73681,73693,12
73693,73699,6
73699,73709,10
73709,73721,12
73721,73727,6
73727,73751,24
73751,73757,6
73757,73771,14
73771,73783,12
73783,73819,36
73819,73823,4
73823,73847,24
73847,73849,2
73849,73859,10
73859,73867,8
73867,73877,10
73877,73883,6
73883,73897,14
73897,73907,10
73907,73939,32
73939,73943,4
73943,73951,8
73951,73961,10
73961,73973,12
73973,73999,26
73999,74017,18
74017,74021,4
74021,74027,6
74027,74047,20
74047,74051,4
74051,74071,20
74071,74077,6
74077,74093,16
74093,74099,6
74099,74101,2
74101,74131,30
74131,74143,12
74143,74149,6
74149,74159,10
74159,74161,2
74161,74167,6
74167,74177,10
74177,74189,12
74189,74197,8
74197,74201,4
74201,74203,2
74203,74209,6
74209,74219,10
74219,74231,12
74231,74257,26
74257,74279,22
74279,74287,8
74287,74293,6
74293,74297,4
74297,74311,14
74311,74317,6
74317,74323,6
74323,74353,30
74353,74357,4
74357,74363,6
74363,74377,14
74377,74381,4
74381,74383,2
74383,74411,28
74411,74413,2
74413,74419,6
74419,74441,22
74441,74449,8
74449,74453,4
74453,74471,18
74471,74489,18
74489,74507,18
74507,74509,2
74509,74521,12
74521,74527,6
74527,74531,4
74531,74551,20
74551,74561,10
74561,74567,6
74567,74573,6
74573,74587,14
74587,74597,10
74597,74609,12
74609,74611,2
74611,74623,12
74623,74653,30
74653,74687,34
74687,74699,12
74699,74707,8
74707,74713,6
74713,74717,4
74717,74719,2
74719,74729,10
74729,74731,2
74731,74747,16
74747,74759,12
74759,74761,2
74761,74771,10
74771,74779,8
74779,74797,18
74797,74821,24
74821,74827,6
74827,74831,4
74831,74843,12
74843,74857,14
74857,74861,4
74861,74869,8
74869,74873,4
74873,74887,14
74887,74891,4
74891,74897,6
74897,74903,6
74903,74923,20
74923,74929,6
74929,74933,4
74933,74941,8
74941,74959,18
74959,75011,52
75011,75013,2
75013,75017,4
75017,75029,12
75029,75037,8
75037,75041,4
75041,75079,38
75079,75083,4
75083,75109,26
75109,75133,24
75133,75149,16
75149,75161,12
75161,75167,6
75167,75169,2
75169,75181,12
75181,75193,12
75193,75209,16
75209,75211,2
75211,75217,6
75217,75223,6
75223,75227,4
75227,75239,12
75239,75253,14
75253,75269,16
75269,75277,8
75277,75289,12
75289,75307,18
75307,75323,16
75323,75329,6
75329,75337,8
75337,75347,10
75347,75353,6
75353,75367,14
75367,75377,10
75377,75389,12
75389,75391,2
75391,75401,10
75401,75403,2
75403,75407,4
75407,75431,24
75431,75437,6
75437,75479,42
75479,75503,24
75503,75511,8
75511,75521,10
75521,75527,6
75527,75533,6
75533,75539,6
75539,75541,2
75541,75553,12
75553,75557,4
75557,75571,14
75571,75577,6
75577,75583,6
75583,75611,28
75611,75617,6
75617,75619,2
75619,75629,10
75629,75641,12
75641,75653,12
75653,75659,6
75659,75679,20
75679,75683,4
75683,75689,6
75689,75703,14
75703,75707,4
75707,75709,2
75709,75721,12
75721,75731,10
75731,75743,12
75743,75767,24
75767,75773,6
75773,75781,8
75781,75787,6
75787,75793,6
75793,75797,4
75797,75821,24
75821,75833,12
75833,75853,20
75853,75869,16
75869,75883,14
75883,75913,30
75913,75931,18
75931,75937,6
75937,75941,4
75941,75967,26
75967,75979,12
75979,75983,4
75983,75989,6
75989,75991,2
75991,75997,6
75997,76001,4
76001,76003,2
76003,76031,28
76031,76039,8
76039,76079,40
76079,76081,2
76081,76091,10
76091,76099,8
76099,76103,4
76103,76123,20
76123,76129,6
76129,76147,18
76147,76157,10
76157,76159,2
76159,76163,4
76163,76207,44
76207,76213,6
76213,76231,18
76231,76243,12
76243,76249,6
76249,76253,4
76253,76259,6
76259,76261,2
76261,76283,22
76283,76289,6
76289,76303,14
76303,76333,30
76333,76343,10
76343,76367,24
76367,76369,2
76369,76379,10
76379,76387,8
76387,76403,16
76403,76421,18
76421,76423,2
76423,76441,18
76441,76463,22
76463,76471,8
76471,76481,10
76481,76487,6
76487,76493,6
76493,76507,14
76507,76511,4
76511,76519,8
76519,76537,18
76537,76541,4
76541,76543,2
76543,76561,18
76561,76579,18
76579,76597,18
76597,76603,6
76603,76607,4
76607,76631,24
76631,76649,18
76649,76651,2
76651,76667,16
76667,76673,6
76673,76679,6
76679,76697,18
76697,76717,20
76717,76733,16
76733,76753,20
76753,76757,4
76757,76771,14
76771,76777,6
76777,76781,4
76781,76801,20
76801,76819,18
76819,76829,10
76829,76831,2
76831,76837,6
76837,76847,10
76847,76871,24
76871,76873,2
76873,76883,10
76883,76907,24
76907,76913,6
76913,76919,6
76919,76943,24
76943,76949,6
76949,76961,12
76961,76963,2
76963,76991,28
76991,77003,12
77003,77017,14
77017,77023,6
77023,77029,6
77029,77041,12
77041,77047,6
77047,77069,22
77069,77081,12
77081,77093,12
77093,77101,8
77101,77137,36
77137,77141,4
77141,77153,12
77153,77167,14
77167,77171,4
77171,77191,20
77191,77201,10
77201,77213,12
77213,77237,24
77237,77239,2
77239,77243,4
77243,77249,6
77249,77261,12
77261,77263,2
77263,77267,4
77267,77269,2
77269,77279,10
77279,77291,12
77291,77317,26
77317,77323,6
77323,77339,16
77339,77347,8
77347,77351,4
77351,77359,8
77359,77369,10
77369,77377,8
77377,77383,6
77383,77417,34
77417,77419,2
77419,77431,12
77431,77447,16
77447,77471,24
77471,77477,6
77477,77479,2
77479,77489,10
77489,77491,2
77491,77509,18
77509,77513,4
77513,77521,8
77521,77527,6
77527,77543,16
77543,77549,6
77549,77551,2
77551,77557,6
77557,77563,6
77563,77569,6
77569,77573,4
77573,77587,14
77587,77591,4
77591,77611,20
77611,77617,6
77617,77621,4
77621,77641,20
77641,77647,6
77647,77659,12
77659,77681,22
77681,77687,6
77687,77689,2
77689,77699,10
77699,77711,12
77711,77713,2
77713,77719,6
77719,77723,4
77723,77731,8
77731,77743,12
77743,77747,4
77747,77761,14
77761,77773,12
77773,77783,10
77783,77797,14
77797,77801,4
77801,77813,12
77813,77839,26
77839,77849,10
77849,77863,14
77863,77867,4
77867,77893,26
77893,77899,6
77899,77929,30
77929,77933,4
77933,77951,18
77951,77969,18
77969,77977,8
77977,77983,6
77983,77999,16
77999,78007,8
78007,78017,10
78017,78031,14
78031,78041,10
78041,78049,8
78049,78059,10
78059,78079,20
78079,78101,22
78101,78121,20
78121,78137,16
78137,78139,2
78139,78157,18
78157,78163,6
78163,78167,4
78167,78173,6
78173,78179,6
78179,78191,12
78191,78193,2
78193,78203,10
78203,78229,26
78229,78233,4
78233,78241,8
78241,78259,18
78259,78277,18
78277,78283,6
78283,78301,18
78301,78307,6
78307,78311,4
78311,78317,6
78317,78341,24
78341,78347,6
78347,78367,20
78367,78401,34
78401,78427,26
78427,78437,10
78437,78439,2
78439,78467,28
78467,78479,12
78479,78487,8
78487,78497,10
78497,78509,12
78509,78511,2
78511,78517,6
78517,78539,22
78539,78541,2
78541,78553,12
78553,78569,16
78569,78571,2
78571,78577,6
78577,78583,6
78583,78593,10
78593,78607,14
78607,78623,16
78623,78643,20
78643,78649,6
78649,78653,4
78653,78691,38
78691,78697,6
78697,78707,10
78707,78713,6
78713,78721,8
78721,78737,16
78737,78779,42
78779,78781,2
78781,78787,6
78787,78791,4
78791,78797,6
78797,78803,6
78803,78809,6
78809,78823,14
78823,78839,16
78839,78853,14
78853,78857,4
78857,78877,20
78877,78887,10
78887,78889,2
78889,78893,4
78893,78901,8
78901,78919,18
78919,78929,10
78929,78941,12
78941,78977,36
78977,78979,2
78979,78989,10
78989,79031,42
79031,79039,8
79039,79043,4
79043,79063,20
79063,79087,24
79087,79103,16
79103,79111,8
79111,79133,22
79133,79139,6
79139,79147,8
79147,79151,4
79151,79153,2
79153,79159,6
79159,79181,22
79181,79187,6
79187,79193,6
79193,79201,8
79201,79229,28
79229,79231,2
79231,79241,10
79241,79259,18
79259,79273,14
79273,79279,6
79279,79283,4
79283,79301,18
79301,79309,8
79309,79319,10
79319,79333,14
79333,79337,4
79337,79349,12
79349,79357,8
79357,79367,10
79367,79379,12
79379,79393,14
79393,79397,4
79397,79399,2
79399,79411,12
79411,79423,12
79423,79427,4
79427,79433,6
79433,79451,18
79451,79481,30
79481,79493,12
79493,79531,38
79531,79537,6
79537,79549,12
79549,79559,10
79559,79561,2
79561,79579,18
79579,79589,10
79589,79601,12
79601,79609,8
79609,79613,4
79613,79621,8
79621,79627,6
79627,79631,4
79631,79633,2
79633,79657,24
79657,79669,12
79669,79687,18
79687,79691,4
79691,79693,2
79693,79697,4
79697,79699,2
79699,79757,58
79757,79769,12
79769,79777,8
79777,79801,24
79801,79811,10
79811,79813,2
79813,79817,4
79817,79823,6
79823,79829,6
79829,79841,12
79841,79843,2
79843,79847,4
79847,79861,14
79861,79867,6
79867,79873,6
79873,79889,16
79889,79901,12
79901,79903,2
79903,79907,4
79907,79939,32
79939,79943,4
79943,79967,24
79967,79973,6
79973,79979,6
79979,79987,8
79987,79997,10
79997,79999,2
79999,80021,22
80021,80039,18
80039,80051,12
80051,80071,20
80071,80077,6
80077,80107,30
80107,80111,4
80111,80141,30
80141,80147,6
80147,80149,2
80149,80153,4
80153,80167,14
80167,80173,6
80173,80177,4
80177,80191,14
80191,80207,16
80207,80209,2
80209,80221,12
80221,80231,10
80231,80233,2
80233,80239,6
80239,80251,12
80251,80263,12
80263,80273,10
80273,80279,6
80279,80287,8
80287,80309,22
80309,80317,8
80317,80329,12
80329,80341,12
80341,80347,6
80347,80363,16
80363,80369,6
80369,80387,18
80387,80407,20
80407,80429,22
80429,80447,18
80447,80449,2
80449,80471,22
80471,80473,2
80473,80489,16
80489,80491,2
80491,80513,22
80513,80527,14
80527,80537,10
80537,80557,20
80557,80567,10
80567,80599,32
80599,80603,4
80603,80611,8
80611,80621,10
80621,80627,6
80627,80629,2
80629,80651,22
80651,80657,6
80657,80669,12
80669,80671,2
80671,80677,6
80677,80681,4
80681,80683,2
80683,80687,4
80687,80701,14
80701,80713,12
80713,80737,24
80737,80747,10
80747,80749,2
80749,80761,12
80761,80777,16
80777,80779,2
80779,80783,4
80783,80789,6
80789,80803,14
80803,80809,6
80809,80819,10
80819,80831,12
80831,80833,2
80833,80849,16
80849,80863,14
80863,80897,34
80897,80909,12
80909,80911,2
80911,80917,6
80917,80923,6
80923,80929,6
80929,80933,4
80933,80953,20
80953,80963,10
80963,80989,26
80989,81001,12
81001,81013,12
81013,81017,4
81017,81019,2
81019,81023,4
81023,81031,8
81031,81041,10
81041,81043,2
81043,81047,4
81047,81049,2
81049,81071,22
81071,81077,6
81077,81083,6
81083,81097,14
81097,81101,4
81101,81119,18
81119,81131,12
81131,81157,26
81157,81163,6
81163,81173,10
81173,81181,8
81181,81197,16
81197,81199,2
81199,81203,4
81203,81223,20
81223,81233,10
81233,81239,6
81239,81281,42
81281,81283,2
81283,81293,10
81293,81299,6
81299,81307,8
81307,81331,24
81331,81343,12
81343,81349,6
81349,81353,4
81353,81359,6
81359,81371,12
81371,81373,2
81373,81401,28
81401,81409,8
81409,81421,12
81421,81439,18
81439,81457,18
81457,81463,6
81463,81509,46
81509,81517,8
81517,81527,10
81527,81533,6
81533,81547,14
81547,81551,4
81551,81553,2
81553,81559,6
81559,81563,4
81563,81569,6
81569,81611,42
81611,81619,8
81619,81629,10
81629,81637,8
81637,81647,10
81647,81649,2
81649,81667,18
81667,81671,4
81671,81677,6
81677,81689,12
81689,81701,12
81701,81703,2
81703,81707,4
81707,81727,20
81727,81737,10
81737,81749,12
81749,81761,12
81761,81769,8
81769,81773,4
81773,81799,26
81799,81817,18
81817,81839,22
81839,81847,8
81847,81853,6
81853,81869,16
81869,81883,14
81883,81899,16
81899,81901,2
81901,81919,18
81919,81929,10
81929,81931,2
81931,81937,6
81937,81943,6
81943,81953,10
81953,81967,14
81967,81971,4
81971,81973,2
81973,82003,30
82003,82007,4
82007,82009,2
82009,82013,4
82013,82021,8
82021,82031,10
82031,82037,6
82037,82039,2
82039,82051,12
82051,82067,16
82067,82073,6
82073,82129,56
82129,82139,10
82139,82141,2
82141,82153,12
82153,82163,10
82163,82171,8
82171,82183,12
82183,82189,6
82189,82193,4
82193,82207,14
82207,82217,10
82217,82219,2
82219,82223,4
82223,82231,8
82231,82237,6
82237,82241,4
82241,82261,20
82261,82267,6
82267,82279,12
82279,82301,22
82301,82307,6
82307,82339,32
82339,82349,10
82349,82351,2
82351,82361,10
82361,82373,12
82373,82387,14
82387,82393,6
82393,82421,28
82421,82457,36
82457,82463,6
82463,82469,6
82469,82471,2
82471,82483,12
82483,82487,4
82487,82493,6
82493,82499,6
82499,82507,8
82507,82529,22
82529,82531,2
82531,82549,18
82549,82559,10
82559,82561,2
82561,82567,6
82567,82571,4
82571,82591,20
82591,82601,10
82601,82609,8
82609,82613,4
82613,82619,6
82619,82633,14
82633,82651,18
82651,82657,6
82657,82699,42
82699,82721,22
82721,82723,2
82723,82727,4
82727,82729,2
82729,82757,28
82757,82759,2
82759,82763,4
82763,82781,18
82781,82787,6
82787,82793,6
82793,82799,6
82799,82811,12
82811,82813,2
82813,82837,24
82837,82847,10
82847,82883,36
82883,82889,6
82889,82891,2
82891,82903,12
82903,82913,10
82913,82939,26
82939,82963,24
82963,82981,18
82981,82997,16
82997,83003,6
83003,83009,6
83009,83023,14
83023,83047,24
83047,83059,12
83059,83063,4
83063,83071,8
83071,83077,6
83077,83089,12
83089,83093,4
83093,83101,8
83101,83117,16
83117,83137,20
83137,83177,40
83177,83203,26
83203,83207,4
83207,83219,12
83219,83221,2
83221,83227,6
83227,83231,4
83231,83233,2
83233,83243,10
83243,83257,14
83257,83267,10
83267,83269,2
83269,83273,4
83273,83299,26
83299,83311,12
83311,83339,28
83339,83341,2
83341,83357,16
83357,83383,26
83383,83389,6
83389,83399,10
83399,83401,2
83401,83407,6
83407,83417,10
83417,83423,6
83423,83431,8
83431,83437,6
83437,83443,6
83443,83449,6
83449,83459,10
83459,83471,12
83471,83477,6
83477,83497,20
83497,83537,40
83537,83557,20
83557,83561,4
83561,83563,2
83563,83579,16
83579,83591,12
83591,83597,6
83597,83609,12
83609,83617,8
83617,83621,4
83621,83639,18
83639,83641,2
83641,83653,12
83653,83663,10
83663,83689,26
83689,83701,12
83701,83717,16
83717,83719,2
83719,83737,18
83737,83761,24
83761,83773,12
83773,83777,4
83777,83791,14
83791,83813,22
83813,83833,20
83833,83843,10
83843,83857,14
83857,83869,12
83869,83873,4
83873,83891,18
83891,83903,12
83903,83911,8
83911,83921,10
83921,83933,12
83933,83939,6
83939,83969,30
83969,83983,14
83983,83987,4
83987,84011,24
84011,84017,6
84017,84047,30
84047,84053,6
84053,84059,6
84059,84061,2
84061,84067,6
84067,84089,22
84089,84121,32
84121,84127,6
84127,84131,4
84131,84137,6
84137,84143,6
84143,84163,20
84163,84179,16
84179,84181,2
84181,84191,10
84191,84199,8
84199,84211,12
84211,84221,10
84221,84223,2
84223,84229,6
84229,84239,10
84239,84247,8
84247,84263,16
84263,84299,36
84299,84307,8
84307,84313,6
84313,84317,4
84317,84319,2
84319,84347,28
84347,84349,2
84349,84377,28
84377,84389,12
84389,84391,2
84391,84401,10
84401,84407,6
84407,84421,14
84421,84431,10
84431,84437,6
84437,84443,6
84443,84449,6
84449,84457,8
84457,84463,6
84463,84467,4
84467,84481,14
84481,84499,18
84499,84503,4
84503,84509,6
84509,84521,12
84521,84523,2
84523,84533,10
84533,84551,18
84551,84559,8
84559,84589,30
84589,84629,40
84629,84631,2
84631,84649,18
84649,84653,4
84653,84659,6
84659,84673,14
84673,84691,18
84691,84697,6
84697,84701,4
84701,84713,12
84713,84719,6
84719,84731,12
84731,84737,6
84737,84751,14
84751,84761,10
84761,84787,26
84787,84793,6
84793,84809,16
84809,84811,2
84811,84827,16
84827,84857,30
84857,84859,2
84859,84869,10
84869,84871,2
84871,84913,42
84913,84919,6
84919,84947,28
84947,84961,14
84961,84967,6
84967,84977,10
84977,84979,2
84979,84991,12
84991,85009,18
85009,85021,12
85021,85027,6
85027,85037,10
85037,85049,12
85049,85061,12
85061,85081,20
85081,85087,6
85087,85091,4
85091,85093,2
85093,85103,10
85103,85109,6
85109,85121,12
85121,85133,12
85133,85147,14
85147,85159,12
85159,85193,34
85193,85199,6
85199,85201,2
85201,85213,12
85213,85223,10
85223,85229,6
85229,85237,8
85237,85243,6
85243,85247,4
85247,85259,12
85259,85297,38
85297,85303,6
85303,85313,10
85313,85331,18
85331,85333,2
85333,85361,28
85361,85363,2
85363,85369,6
85369,85381,12
85381,85411,30
85411,85427,16
85427,85429,2
85429,85439,10
85439,85447,8
85447,85451,4
85451,85453,2
85453,85469,16
85469,85487,18
85487,85513,26
85513,85517,4
85517,85523,6
85523,85531,8
85531,85549,18
85549,85571,22
85571,85577,6
85577,85597,20
85597,85601,4
85601,85607,6
85607,85619,12
85619,85621,2
85621,85627,6
85627,85639,12
85639,85643,4
85643,85661,18
85661,85667,6
85667,85669,2
85669,85691,22
85691,85703,12
85703,85711,8
85711,85717,6
85717,85733,16
85733,85751,18
85751,85781,30
85781,85793,12
85793,85817,24
85817,85819,2
85819,85829,10
85829,85831,2
85831,85837,6
85837,85843,6
85843,85847,4
85847,85853,6
85853,85889,36
85889,85903,14
85903,85909,6
85909,85931,22
85931,85933,2
85933,85991,58
85991,85999,8
85999,86011,12
86011,86017,6
86017,86027,10
86027,86029,2
86029,86069,40
86069,86077,8
86077,86083,6
86083,86111,28
86111,86113,2
86113,86117,4
86117,86131,14
86131,86137,6
86137,86143,6
86143,86161,18
86161,86171,10
86171,86179,8
86179,86183,4
86183,86197,14
86197,86201,4
86201,86209,8
86209,86239,30
86239,86243,4
86243,86249,6
86249,86257,8
86257,86263,6
86263,86269,6
86269,86287,18
86287,86291,4
86291,86293,2
86293,86297,4
86297,86311,14
86311,86323,12
86323,86341,18
86341,86351,10
86351,86353,2
86353,86357,4
86357,86369,12
86369,86371,2
86371,86381,10
86381,86389,8
86389,86399,10
86399,86413,14
86413,86423,10
86423,86441,18
86441,86453,12
86453,86461,8
86461,86467,6
86467,86477,10
86477,86491,14
86491,86501,10
86501,86509,8
86509,86531,22
86531,86533,2
86533,86539,6
86539,86561,22
86561,86573,12
86573,86579,6
86579,86587,8
86587,86599,12
86599,86627,28
86627,86629,2
86629,86677,48
86677,86689,12
86689,86693,4
86693,86711,18
86711,86719,8
86719,86729,10
86729,86743,14
86743,86753,10
86753,86767,14
86767,86771,4
86771,86783,12
86783,86813,30
86813,86837,24
86837,86843,6
86843,86851,8
86851,86857,6
86857,86861,4
86861,86869,8
86869,86923,54
86923,86927,4
86927,86929,2
86929,86939,10
86939,86951,12
86951,86959,8
86959,86969,10
86969,86981,12
86981,86993,12
86993,87011,18
87011,87013,2
87013,87037,24
87037,87041,4
87041,87049,8
87049,87071,22
87071,87083,12
87083,87103,20
87103,87107,4
87107,87119,12
87119,87121,2
87121,87133,12
87133,87149,16
87149,87151,2
87151,87179,28
87179,87181,2
87181,87187,6
87187,87211,24
87211,87221,10
87221,87223,2
87223,87251,28
87251,87253,2
87253,87257,4
87257,87277,20
87277,87281,4
87281,87293,12
87293,87299,6
87299,87313,14
87313,87317,4
87317,87323,6
87323,87337,14
87337,87359,22
87359,87383,24
87383,87403,20
87403,87407,4
87407,87421,14
87421,87427,6
87427,87433,6
87433,87443,10
87443,87473,30
87473,87481,8
87481,87491,10
87491,87509,18
87509,87511,2
87511,87517,6
87517,87523,6
87523,87539,16
87539,87541,2
87541,87547,6
87547,87553,6
87553,87557,4
87557,87559,2
87559,87583,24
87583,87587,4
87587,87589,2
87589,87613,24
87613,87623,10
87623,87629,6
87629,87631,2
87631,87641,10
87641,87643,2
87643,87649,6
87649,87671,22
87671,87679,8
87679,87683,4
87683,87691,8
87691,87697,6
87697,87701,4
87701,87719,18
87719,87721,2
87721,87739,18
87739,87743,4
87743,87751,8
87751,87767,16
87767,87793,26
87793,87797,4
87797,87803,6
87803,87811,8
87811,87833,22
87833,87853,20
87853,87869,16
87869,87877,8
87877,87881,4
87881,87887,6
87887,87911,24
87911,87917,6
87917,87931,14
87931,87943,12
87943,87959,16
87959,87961,2
87961,87973,12
87973,87977,4
87977,87991,14
87991,88001,10
88001,88003,2
88003,88007,4
88007,88019,12
88019,88037,18
88037,88069,32
88069,88079,10
88079,88093,14
88093,88117,24
88117,88129,12
88129,88169,40
88169,88177,8
88177,88211,34
88211,88223,12
88223,88237,14
88237,88241,4
88241,88259,18
88259,88261,2
88261,88289,28
88289,88301,12
88301,88321,20
88321,88327,6
88327,88337,10
88337,88339,2
88339,88379,40
88379,88397,18
88397,88411,14
88411,88423,12
88423,88427,4
88427,88463,36
88463,88469,6
88469,88471,2
88471,88493,22
88493,88499,6
88499,88513,14
88513,88523,10
88523,88547,24
88547,88589,42
88589,88591,2
88591,88607,16
88607,88609,2
88609,88643,34
88643,88651,8
88651,88657,6
88657,88661,4
88661,88663,2
88663,88667,4
88667,88681,14
88681,88721,40
88721,88729,8
88729,88741,12
88741,88747,6
88747,88771,24
88771,88789,18
88789,88793,4
88793,88799,6
88799,88801,2
88801,88807,6
88807,88811,4
88811,88813,2
88813,88817,4
88817,88819,2
88819,88843,24
88843,88853,10
88853,88861,8
88861,88867,6
88867,88873,6
88873,88883,10
88883,88897,14
88897,88903,6
88903,88919,16
88919,88937,18
88937,88951,14
88951,88969,18
88969,88993,24
88993,88997,4
88997,89003,6
89003,89009,6
89009,89017,8
89017,89021,4
89021,89041,20
89041,89051,10
89051,89057,6
89057,89069,12
89069,89071,2
89071,89083,12
89083,89087,4
89087,89101,14
89101,89107,6
89107,89113,6
89113,89119,6
89119,89123,4
89123,89137,14
89137,89153,16
89153,89189,36
89189,89203,14
89203,89209,6
89209,89213,4
89213,89227,14
89227,89231,4
89231,89237,6
89237,89261,24
89261,89269,8
89269,89273,4
89273,89293,20
89293,89303,10
89303,89317,14
89317,89329,12
89329,89363,34
89363,89371,8
89371,89381,10
89381,89387,6
89387,89393,6
89393,89399,6
89399,89413,14
89413,89417,4
89417,89431,14
89431,89443,12
89443,89449,6
89449,89459,10
89459,89477,18
89477,89491,14
89491,89501,10
89501,89513,12
89513,89519,6
89519,89521,2
89521,89527,6
89527,89533,6
89533,89561,28
89561,89563,2
89563,89567,4
89567,89591,24
89591,89597,6
89597,89599,2
89599,89603,4
89603,89611,8
89611,89627,16
89627,89633,6
89633,89653,20
89653,89657,4
89657,89659,2
89659,89669,10
89669,89671,2
89671,89681,10
89681,89689,8
89689,89753,64
89753,89759,6
89759,89767,8
89767,89779,12
89779,89783,4
89783,89797,14
89797,89809,12
89809,89819,10
89819,89821,2
89821,89833,12
89833,89839,6
89839,89849,10
89849,89867,18
89867,89891,24
89891,89897,6
89897,89899,2
89899,89909,10
89909,89917,8
89917,89923,6
89923,89939,16
89939,89959,20
89959,89963,4
89963,89977,14
89977,89983,6
89983,89989,6
89989,90001,12
90001,90007,6
90007,90011,4
90011,90017,6
90017,90019,2
90019,90023,4
90023,90031,8
90031,90053,22
90053,90059,6
90059,90067,8
90067,90071,4
90071,90073,2
90073,90089,16
90089,90107,18
90107,90121,14
90121,90127,6
90127,90149,22
90149,90163,14
90163,90173,10
90173,90187,14
90187,90191,4
90191,90197,6
90197,90199,2
90199,90203,4
90203,90217,14
90217,90227,10
90227,90239,12
90239,90247,8
90247,90263,16
90263,90271,8
90271,90281,10
90281,90289,8
90289,90313,24
90313,90353,40
90353,90359,6
90359,90371,12
90371,90373,2
90373,90379,6
90379,90397,18
90397,90401,4
90401,90403,2
90403,90407,4
90407,90437,30
90437,90439,2
90439,90469,30
90469,90473,4
90473,90481,8
90481,90499,18
90499,90511,12
90511,90523,12
90523,90527,4
90527,90529,2
90529,90533,4
90533,90547,14
90547,90583,36
90583,90599,16
90599,90617,18
90617,90619,2
90619,90631,12
90631,90641,10
90641,90647,6
90647,90659,12
90659,90677,18
90677,90679,2
90679,90697,18
90697,90703,6
90703,90709,6
90709,90731,22
90731,90749,18
90749,90787,38
90787,90793,6
90793,90803,10
90803,90821,18
90821,90823,2
90823,90833,10
90833,90841,8
90841,90847,6
90847,90863,16
90863,90887,24
90887,90901,14
90901,90907,6
90907,90911,4
90911,90917,6
90917,90931,14
90931,90947,16
90947,90971,24
90971,90977,6
90977,90989,12
90989,90997,8
90997,91009,12
91009,91019,10
91019,91033,14
91033,91079,46
91079,91081,2
91081,91097,16
91097,91099,2
91099,91121,22
91121,91127,6
91127,91129,2
91129,91139,10
91139,91141,2
91141,91151,10
91151,91153,2
91153,91159,6
91159,91163,4
91163,91183,20
91183,91193,10
91193,91199,6
91199,91229,30
91229,91237,8
91237,91243,6
91243,91249,6
91249,91253,4
91253,91283,30
91283,91291,8
91291,91297,6
91297,91303,6
91303,91309,6
91309,91331,22
91331,91367,36
91367,91369,2
91369,91373,4
91373,91381,8
91381,91387,6
91387,91393,6
91393,91397,4
91397,91411,14
91411,91423,12
91423,91433,10
91433,91453,20
91453,91457,4
91457,91459,2
91459,91463,4
91463,91493,30
91493,91499,6
91499,91513,14
91513,91529,16
91529,91541,12
91541,91571,30
91571,91573,2
91573,91577,4
91577,91583,6
91583,91591,8
91591,91621,30
91621,91631,10
91631,91639,8
91639,91673,34
91673,91691,18
91691,91703,12
91703,91711,8
91711,91733,22
91733,91753,20
91753,91757,4
91757,91771,14
91771,91781,10
91781,91801,20
91801,91807,6
91807,91811,4
91811,91813,2
91813,91823,10
91823,91837,14
91837,91841,4
91841,91867,26
91867,91873,6
91873,91909,36
91909,91921,12
91921,91939,18
91939,91943,4
91943,91951,8
91951,91957,6
91957,91961,4
91961,91967,6
91967,91969,2
91969,91997,28
91997,92003,6
92003,92009,6
92009,92033,24
92033,92041,8
92041,92051,10
92051,92077,26
92077,92083,6
92083,92107,24
92107,92111,4
92111,92119,8
92119,92143,24
92143,92153,10
92153,92173,20
92173,92177,4
92177,92179,2
92179,92189,10
92189,92203,14
92203,92219,16
92219,92221,2
92221,92227,6
92227,92233,6
92233,92237,4
92237,92243,6
92243,92251,8
92251,92269,18
92269,92297,28
92297,92311,14
92311,92317,6
92317,92333,16
92333,92347,14
92347,92353,6
92353,92357,4
92357,92363,6
92363,92369,6
92369,92377,8
92377,92381,4
92381,92383,2
92383,92387,4
92387,92399,12
92399,92401,2
92401,92413,12
92413,92419,6
92419,92431,12
92431,92459,28
92459,92461,2
92461,92467,6
92467,92479,12
92479,92489,10
92489,92503,14
92503,92507,4
92507,92551,44
92551,92557,6
92557,92567,10
92567,92569,2
92569,92581,12
92581,92593,12
92593,92623,30
92623,92627,4
92627,92639,12
92639,92641,2
92641,92647,6
92647,92657,10
92657,92669,12
92669,92671,2
92671,92681,10
92681,92683,2
92683,92693,10
92693,92699,6
92699,92707,8
92707,92717,10
92717,92723,6
92723,92737,14
92737,92753,16
92753,92761,8
92761,92767,6
92767,92779,12
92779,92789,10
92789,92791,2
92791,92801,10
92801,92809,8
92809,92821,12
92821,92831,10
92831,92849,18
92849,92857,8
92857,92861,4
92861,92863,2
92863,92867,4
92867,92893,26
92893,92899,6
92899,92921,22
92921,92927,6
92927,92941,14
92941,92951,10
92951,92957,6
92957,92959,2
92959,92987,28
92987,92993,6
92993,93001,8
93001,93047,46
93047,93053,6
93053,93059,6
93059,93077,18
93077,93083,6
93083,93089,6
93089,93097,8
93097,93103,6
93103,93113,10
93113,93131,18
93131,93133,2
93133,93139,6
93139,93151,12
93151,93169,18
93169,93179,10
93179,93187,8
93187,93199,12
93199,93229,30
93229,93239,10
93239,93241,2
93241,93251,10
93251,93253,2
93253,93257,4
93257,93263,6
93263,93281,18
93281,93283,2
93283,93287,4
93287,93307,20
93307,93319,12
93319,93323,4
93323,93329,6
93329,93337,8
93337,93371,34
93371,93377,6
93377,93383,6
93383,93407,24
93407,93419,12
93419,93427,8
93427,93463,36
93463,93479,16
93479,93481,2
93481,93487,6
93487,93491,4
93491,93493,2
93493,93497,4
93497,93503,6
93503,93523,20
93523,93529,6
93529,93553,24
93553,93557,4
93557,93559,2
93559,93563,4
93563,93581,18
93581,93601,20
93601,93607,6
93607,93629,22
93629,93637,8
93637,93683,46
93683,93701,18
93701,93703,2
93703,93719,16
93719,93739,20
93739,93761,22
93761,93763,2
93763,93787,24
93787,93809,22
93809,93811,2
93811,93827,16
93827,93851,24
93851,93871,20
93871,93887,16
93887,93889,2
93889,93893,4
93893,93901,8
93901,93911,10
93911,93913,2
93913,93923,10
93923,93937,14
93937,93941,4
93941,93949,8
93949,93967,18
93967,93971,4
93971,93979,8
93979,93983,4
93983,93997,14
93997,94007,10
94007,94009,2
94009,94033,24
94033,94049,16
94049,94057,8
94057,94063,6
94063,94079,16
94079,94099,20
94099,94109,10
94109,94111,2
94111,94117,6
94117,94121,4
94121,94151,30
94151,94153,2
94153,94169,16
94169,94201,32
94201,94207,6
94207,94219,12
94219,94229,10
94229,94253,24
94253,94261,8
94261,94273,12
94273,94291,18
94291,94307,16
94307,94309,2
94309,94321,12
94321,94327,6
94327,94331,4
94331,94343,12
94343,94349,6
94349,94351,2
94351,94379,28
94379,94397,18
94397,94399,2
94399,94421,22
94421,94427,6
94427,94433,6
94433,94439,6
94439,94441,2
94441,94447,6
94447,94463,16
94463,94477,14
94477,94483,6
94483,94513,30
94513,94529,16
94529,94531,2
94531,94541,10
94541,94543,2
94543,94547,4
94547,94559,12
94559,94561,2
94561,94573,12
94573,94583,10
94583,94597,14
94597,94603,6
94603,94613,10
94613,94621,8
94621,94649,28
94649,94651,2
94651,94687,36
94687,94693,6
94693,94709,16
94709,94723,14
94723,94727,4
94727,94747,20
94747,94771,24
94771,94777,6
94777,94781,4
94781,94789,8
94789,94793,4
94793,94811,18
94811,94819,8
94819,94823,4
94823,94837,14
94837,94841,4
94841,94847,6
94847,94849,2
94849,94873,24
94873,94889,16
94889,94903,14
94903,94907,4
94907,94933,26
94933,94949,16
94949,94951,2
94951,94961,10
94961,94993,32
94993,94999,6
94999,95003,4
95003,95009,6
95009,95021,12
95021,95027,6
95027,95063,36
95063,95071,8
95071,95083,12
95083,95087,4
95087,95089,2
95089,95093,4
95093,95101,8
95101,95107,6
95107,95111,4
95111,95131,20
95131,95143,12
95143,95153,10
95153,95177,24
95177,95189,12
95189,95191,2
95191,95203,12
95203,95213,10
95213,95219,6
95219,95231,12
95231,95233,2
95233,95239,6
95239,95257,18
95257,95261,4
95261,95267,6
95267,95273,6
95273,95279,6
95279,95287,8
95287,95311,24
95311,95317,6
95317,95327,10
95327,95339,12
95339,95369,30
95369,95383,14
95383,95393,10
95393,95401,8
95401,95413,12
95413,95419,6
95419,95429,10
95429,95441,12
95441,95443,2
95443,95461,18
95461,95467,6
95467,95471,4
95471,95479,8
95479,95483,4
95483,95507,24
95507,95527,20
95527,95531,4
95531,95539,8
95539,95549,10
95549,95561,12
95561,95569,8
95569,95581,12
95581,95597,16
95597,95603,6
95603,95617,14
95617,95621,4
95621,95629,8
95629,95633,4
95633,95651,18
95651,95701,50
95701,95707,6
95707,95713,6
95713,95717,4
95717,95723,6
95723,95731,8
95731,95737,6
95737,95747,10
95747,95773,26
95773,95783,10
95783,95789,6
95789,95791,2
95791,95801,10
95801,95803,2
95803,95813,10
95813,95819,6
95819,95857,38
95857,95869,12
95869,95873,4
95873,95881,8
95881,95891,10
95891,95911,20
95911,95917,6
95917,95923,6
95923,95929,6
95929,95947,18
95947,95957,10
95957,95959,2
95959,95971,12
95971,95987,16
95987,95989,2
95989,96001,12
96001,96013,12
96013,96017,4
96017,96043,26
96043,96053,10
96053,96059,6
96059,96079,20
96079,96097,18
96097,96137,40
96137,96149,12
96149,96157,8
96157,96167,10
96167,96179,12
96179,96181,2
96181,96199,18
96199,96211,12
96211,96221,10
96221,96223,2
96223,96233,10
96233,96259,26
96259,96263,4
96263,96269,6
96269,96281,12
96281,96289,8
96289,96293,4
96293,96323,30
96323,96329,6
96329,96331,2
96331,96337,6
96337,96353,16
96353,96377,24
96377,96401,24
96401,96419,18
96419,96431,12
96431,96443,12
96443,96451,8
96451,96457,6
96457,96461,4
96461,96469,8
96469,96479,10
96479,96487,8
96487,96493,6
96493,96497,4
96497,96517,20
96517,96527,10
96527,96553,26
96553,96557,4
96557,96581,24
96581,96587,6
96587,96589,2
96589,96601,12
96601,96643,42
96643,96661,18
96661,96667,6
96667,96671,4
96671,96697,26
96697,96703,6
96703,96731,28
96731,96737,6
96737,96739,2
96739,96749,10
96749,96757,8
96757,96763,6
96763,96769,6
96769,96779,10
96779,96787,8
96787,96797,10
96797,96799,2
96799,96821,22
96821,96823,2
96823,96827,4
96827,96847,20
96847,96851,4
96851,96857,6
96857,96893,36
96893,96907,14
96907,96911,4
96911,96931,20
96931,96953,22
96953,96959,6
96959,96973,14
96973,96979,6
96979,96989,10
96989,96997,8
96997,97001,4
97001,97003,2
97003,97007,4
97007,97021,14
97021,97039,18
97039,97073,34
97073,97081,8
97081,97103,22
97103,97117,14
97117,97127,10
97127,97151,24
97151,97157,6
97157,97159,2
97159,97169,10
97169,97171,2
97171,97177,6
97177,97187,10
97187,97213,26
97213,97231,18
97231,97241,10
97241,97259,18
97259,97283,24
97283,97301,18
97301,97303,2
97303,97327,24
97327,97367,40
97367,97369,2
97369,97373,4
97373,97379,6
97379,97381,2
97381,97387,6
97387,97397,10
97397,97423,26
97423,97429,6
97429,97441,12
97441,97453,12
97453,97459,6
97459,97463,4
97463,97499,36
97499,97501,2
97501,97511,10
97511,97523,12
97523,97547,24
97547,97549,2
97549,97553,4
97553,97561,8
97561,97571,10
97571,97577,6
97577,97579,2
97579,97583,4
97583,97607,24
97607,97609,2
97609,97613,4
97613,97649,36
97649,97651,2
97651,97673,22
97673,97687,14
97687,97711,24
97711,97729,18
97729,97771,42
97771,97777,6
97777,97787,10
97787,97789,2
97789,97813,24
97813,97829,16
97829,97841,12
97841,97843,2
97843,97847,4
97847,97849,2
97849,97859,10
97859,97861,2
97861,97871,10
97871,97879,8
97879,97883,4
97883,97919,36
97919,97927,8
97927,97931,4
97931,97943,12
97943,97961,18
97961,97967,6
97967,97973,6
97973,97987,14
97987,98009,22
98009,98011,2
98011,98017,6
98017,98041,24
98041,98047,6
98047,98057,10
98057,98081,24
98081,98101,20
98101,98123,22
98123,98129,6
98129,98143,14
98143,98179,36
98179,98207,28
98207,98213,6
98213,98221,8
98221,98227,6
98227,98251,24
98251,98257,6
98257,98269,12
98269,98297,28
98297,98299,2
98299,98317,18
98317,98321,4
98321,98323,2
98323,98327,4
98327,98347,20
98347,98369,22
98369,98377,8
98377,98387,10
98387,98389,2
98389,98407,18
98407,98411,4
98411,98419,8
98419,98429,10
98429,98443,14
98443,98453,10
98453,98459,6
98459,98467,8
98467,98473,6
98473,98479,6
98479,98491,12
98491,98507,16
98507,98519,12
98519,98533,14
98533,98543,10
98543,98561,18
98561,98563,2
98563,98573,10
98573,98597,24
98597,98621,24
98621,98627,6
98627,98639,12
98639,98641,2
98641,98663,22
98663,98669,6
98669,98689,20
98689,98711,22
98711,98713,2
98713,98717,4
98717,98729,12
98729,98731,2
98731,98737,6
98737,98773,36
98773,98779,6
98779,98801,22
98801,98807,6
98807,98809,2
98809,98837,28
98837,98849,12
98849,98867,18
98867,98869,2
98869,98873,4
98873,98887,14
98887,98893,6
98893,98897,4
98897,98899,2
98899,98909,10
98909,98911,2
98911,98927,16
98927,98929,2
98929,98939,10
98939,98947,8
98947,98953,6
98953,98963,10
98963,98981,18
98981,98993,12
98993,98999,6
98999,99013,14
99013,99017,4
99017,99023,6
99023,99041,18
99041,99053,12
99053,99079,26
99079,99083,4
99083,99089,6
99089,99103,14
99103,99109,6
99109,99119,10
99119,99131,12
99131,99133,2
99133,99137,4
99137,99139,2
99139,99149,10
99149,99173,24
99173,99181,8
99181,99191,10
99191,99223,32
99223,99233,10
99233,99241,8
99241,99251,10
99251,99257,6
99257,99259,2
99259,99277,18
99277,99289,12
99289,99317,28
99317,99347,30
99347,99349,2
99349,99367,18
99367,99371,4
99371,99377,6
99377,99391,14
99391,99397,6
99397,99401,4
99401,99409,8
99409,99431,22
99431,99439,8
99439,99469,30
99469,99487,18
99487,99497,10
99497,99523,26
99523,99527,4
99527,99529,2
99529,99551,22
99551,99559,8
99559,99563,4
99563,99571,8
99571,99577,6
99577,99581,4
99581,99607,26
99607,99611,4
99611,99623,12
99623,99643,20
99643,99661,18
99661,99667,6
99667,99679,12
99679,99689,10
99689,99707,18
99707,99709,2
99709,99713,4
99713,99719,6
99719,99721,2
99721,99733,12
99733,99761,28
99761,99767,6
99767,99787,20
99787,99793,6
99793,99809,16
99809,99817,8
99817,99823,6
99823,99829,6
99829,99833,4
99833,99839,6
99839,99859,20
99859,99871,12
99871,99877,6
99877,99881,4
99881,99901,20
99901,99907,6
99907,99923,16
99923,99929,6
99929,99961,32
99961,99971,10
99971,99989,18
99989,99991,2
99991,100003,12
100003,100019,16
100019,100043,24
100043,100049,6
100049,100057,8
100057,100069,12
100069,100103,34
100103,100109,6
100109,100129,20
100129,100151,22
100151,100153,2
100153,100169,16
100169,100183,14
100183,100189,6
100189,100193,4
100193,100207,14
100207,100213,6
100213,100237,24
100237,100267,30
100267,100271,4
100271,100279,8
100279,100291,12
100291,100297,6
100297,100313,16
100313,100333,20
100333,100343,10
100343,100357,14
100357,100361,4
100361,100363,2
100363,100379,16
100379,100391,12
100391,100393,2
100393,100403,10
100403,100411,8
100411,100417,6
100417,100447,30
100447,100459,12
100459,100469,10
100469,100483,14
100483,100493,10
100493,100501,8
100501,100511,10
100511,100517,6
100517,100519,2
100519,100523,4
100523,100537,14
100537,100547,10
100547,100549,2
100549,100559,10
100559,100591,32
100591,100609,18
100609,100613,4
100613,100621,8
100621,100649,28
100649,100669,20
100669,100673,4
100673,100693,20
100693,100699,6
100699,100703,4
100703,100733,30
100733,100741,8
100741,100747,6
100747,100769,22
100769,100787,18
100787,100799,12
100799,100801,2
100801,100811,10
100811,100823,12
100823,100829,6
100829,100847,18
100847,100853,6
100853,100907,54
100907,100913,6
100913,100927,14
100927,100931,4
100931,100937,6
100937,100943,6
100943,100957,14
100957,100981,24
100981,100987,6
100987,100999,12
100999,101009,10
101009,101021,12
101021,101027,6
101027,101051,24
101051,101063,12
101063,101081,18
101081,101089,8
101089,101107,18
101107,101111,4
101111,101113,2
101113,101117,4
101117,101119,2
101119,101141,22
101141,101149,8
101149,101159,10
101159,101161,2
101161,101173,12
101173,101183,10
101183,101197,14
101197,101203,6
101203,101207,4
101207,101209,2
101209,101221,12
101221,101267,46
101267,101273,6
101273,101279,6
101279,101281,2
101281,101287,6
101287,101293,6
101293,101323,30
101323,101333,10
101333,101341,8
101341,101347,6
101347,101359,12
101359,101363,4
101363,101377,14
101377,101383,6
101383,101399,16
101399,101411,12
101411,101419,8
101419,101429,10
101429,101449,20
101449,101467,18
101467,101477,10
101477,101483,6
101483,101489,6
101489,101501,12
101501,101503,2
101503,101513,10
101513,101527,14
101527,101531,4
101531,101533,2
101533,101537,4
101537,101561,24
101561,101573,12
101573,101581,8
101581,101599,18
101599,101603,4
101603,101611,8
101611,101627,16
101627,101641,14
101641,101653,12
101653,101663,10
101663,101681,18
101681,101693,12
101693,101701,8
101701,101719,18
101719,101723,4
101723,101737,14
101737,101741,4
101741,101747,6
101747,101749,2
101749,101771,22
101771,101789,18
101789,101797,8
101797,101807,10
101807,101833,26
101833,101837,4
101837,101839,2
101839,101863,24
101863,101869,6
101869,101873,4
101873,101879,6
101879,101891,12
101891,101917,26
101917,101921,4
101921,101929,8
101929,101939,10
101939,101957,18
101957,101963,6
101963,101977,14
101977,101987,10
101987,101999,12
101999,102001,2
102001,102013,12
102013,102019,6
102019,102023,4
102023,102031,8
102031,102043,12
102043,102059,16
102059,102061,2
102061,102071,10
102071,102077,6
102077,102079,2
102079,102101,22
102101,102103,2
102103,102107,4
102107,102121,14
102121,102139,18
102139,102149,10
102149,102161,12
102161,102181,20
